2.015873679831797105 1 45
2.015873679831797105 1 66
2.015873679831797105 1 68
2.015873679831797105 1 69
2.015873679831797105 1 77
2.015873679831797105 1 90
2.015873679831797105 1 97
2.015873679831797105 1 115
2.015873679831797105 1 130
2.015873679831797105 2 39
2.015873679831797105 2 42
2.015873679831797105 2 79
2.015873679831797105 2 80
2.015873679831797105 2 84
2.015873679831797105 2 105
2.015873679831797105 2 109
2.015873679831797105 2 111
2.015873679831797105 2 125
2.015873679831797105 2 134
2.015873679831797105 2 137
2.015873679831797105 2 139
2.015873679831797105 2 140
2.015873679831797105 2 145
2.015873679831797105 2 147
2.015873679831797105 3 45
2.015873679831797105 3 74
2.015873679831797105 3 77
2.015873679831797105 3 90
2.015873679831797105 3 91
2.015873679831797105 3 128
2.015873679831797105 4 84
2.015873679831797105 4 106
2.015873679831797105 4 115
2.015873679831797105 4 120
2.015873679831797105 4 130
2.015873679831797105 4 137
2.015873679831797105 5 68
2.015873679831797105 5 73
2.015873679831797105 5 75
2.015873679831797105 5 78
2.015873679831797105 5 81
2.015873679831797105 5 87
2.015873679831797105 5 105
2.015873679831797105 5 113
2.015873679831797105 5 120
2.015873679831797105 5 122
2.015873679831797105 5 135
2.015873679831797105 5 142
2.015873679831797105 5 144
2.015873679831797105 6 43
2.015873679831797105 6 70
2.015873679831797105 6 76
2.015873679831797105 6 108
2.015873679831797105 6 115
2.015873679831797105 6 117
2.015873679831797105 6 147
2.015873679831797105 7 64
2.015873679831797105 7 67
2.015873679831797105 7 68
2.015873679831797105 7 73
2.015873679831797105 7 74
2.015873679831797105 7 78
2.015873679831797105 7 80
2.015873679831797105 7 89
2.015873679831797105 7 92
2.015873679831797105 7 94
2.015873679831797105 7 96
2.015873679831797105 7 98
2.015873679831797105 7 99
2.015873679831797105 7 102
2.015873679831797105 7 125
2.015873679831797105 7 127
2.015873679831797105 7 129
2.015873679831797105 7 131
2.015873679831797105 7 133
2.015873679831797105 7 136
2.015873679831797105 7 143
2.015873679831797105 8 43
2.015873679831797105 8 70
2.015873679831797105 8 86
2.015873679831797105 8 96
2.015873679831797105 8 97
2.015873679831797105 8 104
2.015873679831797105 8 107
2.015873679831797105 8 112
2.015873679831797105 8 115
2.015873679831797105 8 117
2.015873679831797105 8 120
2.015873679831797105 8 122
2.015873679831797105 8 131
2.015873679831797105 8 139
2.015873679831797105 8 141
2.015873679831797105 9 68
2.015873679831797105 9 76
2.015873679831797105 9 92
2.015873679831797105 9 95
2.015873679831797105 9 96
2.015873679831797105 9 99
2.015873679831797105 9 110
2.015873679831797105 9 126
2.015873679831797105 9 129
2.015873679831797105 9 131
2.015873679831797105 9 144
2.015873679831797105 10 40
2.015873679831797105 10 68
2.015873679831797105 10 70
2.015873679831797105 10 74
2.015873679831797105 10 76
2.015873679831797105 10 82
2.015873679831797105 10 89
2.015873679831797105 10 90
2.015873679831797105 10 114
2.015873679831797105 10 118
2.015873679831797105 10 122
2.015873679831797105 10 137
2.015873679831797105 10 243
2.015873679831797105 11 80
2.015873679831797105 11 82
2.015873679831797105 11 97
2.015873679831797105 11 99
2.015873679831797105 11 109
2.015873679831797105 11 114
2.015873679831797105 11 120
2.015873679831797105 11 131
2.015873679831797105 11 133
2.015873679831797105 11 253
2.015873679831797105 12 40
2.015873679831797105 12 64
2.015873679831797105 12 66
2.015873679831797105 12 74
2.015873679831797105 12 87
2.015873679831797105 12 112
2.015873679831797105 12 119
2.015873679831797105 12 128
2.015873679831797105 12 178
2.015873679831797105 12 241
2.015873679831797105 13 43
2.015873679831797105 13 69
2.015873679831797105 13 71
2.015873679831797105 13 72
2.015873679831797105 13 80
2.015873679831797105 13 92
2.015873679831797105 13 94
2.015873679831797105 13 116
2.015873679831797105 13 121
2.015873679831797105 13 124
2.015873679831797105 13 126
2.015873679831797105 13 130
2.015873679831797105 13 134
2.015873679831797105 13 140
2.015873679831797105 13 253
2.015873679831797105 14 77
2.015873679831797105 14 80
2.015873679831797105 14 84
2.015873679831797105 14 86
2.015873679831797105 14 89
2.015873679831797105 14 90
2.015873679831797105 14 92
2.015873679831797105 14 118
2.015873679831797105 15 43
2.015873679831797105 15 67
2.015873679831797105 15 74
2.015873679831797105 15 80
2.015873679831797105 15 123
2.015873679831797105 15 126
2.015873679831797105 15 129
2.015873679831797105 15 131
2.015873679831797105 15 137
2.015873679831797105 16 46
2.015873679831797105 16 71
2.015873679831797105 16 85
2.015873679831797105 16 96
2.015873679831797105 16 134
2.015873679831797105 16 248
2.015873679831797105 16 249
2.015873679831797105 16 251
2.015873679831797105 16 252
2.015873679831797105 17 77
2.015873679831797105 17 78
2.015873679831797105 17 88
2.015873679831797105 17 90
2.015873679831797105 17 128
2.015873679831797105 17 131
2.015873679831797105 17 136
2.015873679831797105 17 140
2.015873679831797105 17 236
2.015873679831797105 18 40
2.015873679831797105 18 46
2.015873679831797105 18 75
2.015873679831797105 18 77
2.015873679831797105 18 83
2.015873679831797105 18 85
2.015873679831797105 18 88
2.015873679831797105 18 141
2.015873679831797105 18 247
2.015873679831797105 18 249
2.015873679831797105 19 43
2.015873679831797105 19 44
2.015873679831797105 19 92
2.015873679831797105 19 97
2.015873679831797105 19 129
2.015873679831797105 19 135
2.015873679831797105 19 137
2.015873679831797105 19 145
2.015873679831797105 19 251
2.015873679831797105 20 44
2.015873679831797105 20 80
2.015873679831797105 20 86
2.015873679831797105 20 88
2.015873679831797105 20 91
2.015873679831797105 20 246
2.015873679831797105 20 252
2.015873679831797105 21 46
2.015873679831797105 21 83
2.015873679831797105 21 132
2.015873679831797105 21 135
2.015873679831797105 21 232
2.015873679831797105 22 41
2.015873679831797105 22 45
2.015873679831797105 22 46
2.015873679831797105 22 48
2.015873679831797105 22 85
2.015873679831797105 22 90
2.015873679831797105 22 94
2.015873679831797105 22 138
2.015873679831797105 23 43
2.015873679831797105 23 46
2.015873679831797105 23 83
2.015873679831797105 23 85
2.015873679831797105 23 145
2.015873679831797105 24 49
2.015873679831797105 24 95
2.015873679831797105 24 246
2.015873679831797105 25 87
2.015873679831797105 25 93
2.015873679831797105 25 242
2.015873679831797105 25 248
2.015873679831797105 26 46
2.015873679831797105 26 241
2.015873679831797105 27 249
2.015873679831797105 28 245
2.015873679831797105 28 252
2.015873679831797105 29 44
2.015873679831797105 29 46
2.015873679831797105 29 239
2.015873679831797105 29 249
2.015873679831797105 29 254
2.015873679831797105 30 237
2.015873679831797105 30 238
2.015873679831797105 30 240
2.015873679831797105 30 247
2.015873679831797105 31 45
2.015873679831797105 31 48
2.015873679831797105 31 242
2.015873679831797105 31 251
2.015873679831797105 31 253
2.015873679831797105 32 236
2.015873679831797105 32 241
2.015873679831797105 33 234
2.015873679831797105 33 249
2.015873679831797105 34 44
2.015873679831797105 34 234
2.015873679831797105 35 97
2.015873679831797105 35 232
2.015873679831797105 35 234
2.015873679831797105 35 241
2.015873679831797105 35 243
2.015873679831797105 35 245
2.015873679831797105 36 49
2.015873679831797105 36 51
2.015873679831797105 36 100
2.015873679831797105 37 230
2.015873679831797105 37 232
2.015873679831797105 37 236
2.015873679831797105 37 241
2.015873679831797105 38 50
2.015873679831797105 38 158
2.015873679831797105 38 239
2.015873679831797105 39 43
2.015873679831797105 39 45
2.015873679831797105 39 99
2.015873679831797105 39 229
2.015873679831797105 40 102
2.015873679831797105 40 237
2.015873679831797105 41 51
2.015873679831797105 41 229
2.015873679831797105 43 227
2.015873679831797105 43 231
2.015873679831797105 44 44
2.015873679831797105 44 48
2.015873679831797105 44 224
2.015873679831797105 44 234
2.015873679831797105 45 42
2.015873679831797105 45 98
2.015873679831797105 45 229
2.015873679831797105 45 232
2.015873679831797105 46 47
2.015873679831797105 46 225
2.015873679831797105 46 234
2.015873679831797105 47 45
2.015873679831797105 47 223
2.015873679831797105 48 220
2.015873679831797105 48 223
2.015873679831797105 48 227
2.015873679831797105 49 44
2.015873679831797105 49 50
2.015873679831797105 49 231
2.015873679831797105 50 44
2.015873679831797105 50 48
2.015873679831797105 50 220
2.015873679831797105 50 223
2.015873679831797105 51 46
2.015873679831797105 51 226
2.015873679831797105 52 40
2.015873679831797105 52 48
2.015873679831797105 53 6
2.015873679831797105 53 50
2.015873679831797105 53 224
2.015873679831797105 53 226
2.015873679831797105 53 230
2.015873679831797105 53 232
2.015873679831797105 54 1
2.015873679831797105 54 22
2.015873679831797105 55 1
2.015873679831797105 55 3
2.015873679831797105 55 49
2.015873679831797105 55 51
2.015873679831797105 55 219
2.015873679831797105 56 22
2.015873679831797105 56 44
2.015873679831797105 57 45
2.015873679831797105 57 52
2.015873679831797105 57 67
2.015873679831797105 57 216
2.015873679831797105 57 217
2.015873679831797105 58 48
2.015873679831797105 58 214
2.015873679831797105 58 225
2.015873679831797105 59 45
2.015873679831797105 59 216
2.015873679831797105 59 223
2.015873679831797105 59 227
2.015873679831797105 61 47
2.015873679831797105 61 219
2.015873679831797105 61 221
2.015873679831797105 61 223
2.015873679831797105 62 48
2.015873679831797105 62 49
2.015873679831797105 62 214
2.015873679831797105 63 47
2.015873679831797105 64 52
2.015873679831797105 64 224
2.015873679831797105 64 225
2.015873679831797105 65 4
2.015873679831797105 65 217
2.015873679831797105 66 48
2.015873679831797105 67 39
2.015873679831797105 67 45
2.015873679831797105 67 215
2.015873679831797105 67 216
2.015873679831797105 67 219
2.015873679831797105 68 52
2.015873679831797105 68 237
2.015873679831797105 69 7
2.015873679831797105 69 44
2.015873679831797105 69 48
2.015873679831797105 69 50
2.015873679831797105 69 219
2.015873679831797105 70 1
2.015873679831797105 70 50
2.015873679831797105 71 3
2.015873679831797105 71 44
2.015873679831797105 71 52
2.015873679831797105 72 6
2.015873679831797105 72 48
2.015873679831797105 73 58
2.015873679831797105 73 219
2.015873679831797105 74 49
2.015873679831797105 74 51
2.015873679831797105 75 42
2.015873679831797105 75 58
2.015873679831797105 76 49
2.015873679831797105 77 4
2.015873679831797105 77 45
2.015873679831797105 77 215
2.015873679831797105 78 2
2.015873679831797105 78 47
2.015873679831797105 78 51
2.015873679831797105 79 39
2.015873679831797105 79 45
2.015873679831797105 79 58
2.015873679831797105 80 1
2.015873679831797105 80 3
2.015873679831797105 81 51
2.015873679831797105 81 214
2.015873679831797105 82 43
2.015873679831797105 82 45
2.015873679831797105 82 46
2.015873679831797105 83 51
2.015873679831797105 84 212
2.015873679831797105 84 214
2.015873679831797105 85 6
2.015873679831797105 86 46
2.015873679831797105 86 47
2.015873679831797105 86 51
2.015873679831797105 86 212
2.015873679831797105 87 2
2.015873679831797105 87 209
2.015873679831797105 88 43
2.015873679831797105 88 48
2.015873679831797105 89 2
2.015873679831797105 89 4
2.015873679831797105 90 50
2.015873679831797105 91 1
2.015873679831797105 91 4
2.015873679831797105 91 48
2.015873679831797105 91 201
2.015873679831797105 91 211
2.015873679831797105 92 43
2.015873679831797105 92 48
2.015873679831797105 92 51
2.015873679831797105 92 230
2.015873679831797105 93 1
2.015873679831797105 93 3
2.015873679831797105 93 4
2.015873679831797105 93 5
2.015873679831797105 93 6
2.015873679831797105 93 46
2.015873679831797105 93 209
2.015873679831797105 94 51
2.015873679831797105 95 46
2.015873679831797105 95 47
2.015873679831797105 96 50
2.015873679831797105 96 203
2.015873679831797105 96 206
2.015873679831797105 97 2
2.015873679831797105 97 4
2.015873679831797105 97 6
2.015873679831797105 97 7
2.015873679831797105 97 47
2.015873679831797105 98 6
2.015873679831797105 98 51
2.015873679831797105 98 233
2.015873679831797105 99 3
2.015873679831797105 99 199
2.015873679831797105 99 203
2.015873679831797105 100 2
2.015873679831797105 100 3
2.015873679831797105 100 4
2.015873679831797105 101 2
2.015873679831797105 101 7
2.015873679831797105 101 202
2.015873679831797105 101 232
2.015873679831797105 102 200
2.015873679831797105 103 2
2.015873679831797105 103 4
2.015873679831797105 104 55
2.015873679831797105 104 102
2.015873679831797105 104 197
2.015873679831797105 104 201
2.015873679831797105 105 4
2.015873679831797105 105 194
2.015873679831797105 105 240
2.015873679831797105 106 101
2.015873679831797105 106 198
2.015873679831797105 107 86
2.015873679831797105 107 111
2.015873679831797105 107 201
2.015873679831797105 107 233
2.015873679831797105 108 49
2.015873679831797105 108 238
2.015873679831797105 109 2
2.015873679831797105 109 44
2.015873679831797105 109 112
2.015873679831797105 109 190
2.015873679831797105 109 198
2.015873679831797105 110 5
2.015873679831797105 110 102
2.015873679831797105 110 113
2.015873679831797105 111 51
2.015873679831797105 111 109
2.015873679831797105 111 193
2.015873679831797105 112 4
2.015873679831797105 112 45
2.015873679831797105 112 102
2.015873679831797105 113 1
2.015873679831797105 113 46
2.015873679831797105 113 48
2.015873679831797105 113 199
2.015873679831797105 114 110
2.015873679831797105 114 196
2.015873679831797105 115 5
2.015873679831797105 115 45
2.015873679831797105 115 46
2.015873679831797105 115 198
2.015873679831797105 116 51
2.015873679831797105 118 1
2.015873679831797105 118 4
2.015873679831797105 118 45
2.015873679831797105 118 94
2.015873679831797105 118 96
2.015873679831797105 119 48
2.015873679831797105 119 195
2.015873679831797105 120 44
2.015873679831797105 120 46
2.015873679831797105 121 4
2.015873679831797105 122 45
2.015873679831797105 122 48
2.015873679831797105 122 51
2.015873679831797105 123 50
2.015873679831797105 123 103
2.015873679831797105 124 1
2.015873679831797105 124 46
2.015873679831797105 126 183
2.015873679831797105 128 45
2.015873679831797105 128 80
2.015873679831797105 128 175
2.015873679831797105 129 43
2.015873679831797105 129 115
2.015873679831797105 130 45
2.015873679831797105 130 80
2.015873679831797105 130 187
2.015873679831797105 132 42
2.015873679831797105 132 91
2.015873679831797105 132 184
2.015873679831797105 132 193
2.015873679831797105 133 168
2.015873679831797105 133 169
2.015873679831797105 133 195
2.015873679831797105 134 1
2.015873679831797105 134 40
2.015873679831797105 134 92
2.015873679831797105 134 112
2.015873679831797105 136 82
2.015873679831797105 136 93
2.015873679831797105 136 95
2.015873679831797105 136 109
2.015873679831797105 137 56
2.015873679831797105 140 187
2.015873679831797105 141 94
2.015873679831797105 142 65
2.015873679831797105 143 93
2.015873679831797105 144 65
2.015873679831797105 146 76
2.015873679831797105 147 185
2.015873679831797105 149 185
2.015873679831797105 149 186
2.015873679831797105 150 71
2.015873679831797105 150 185
2.015873679831797105 153 64
2.015873679831797105 154 178
2.015873679831797105 156 63
2.015873679831797105 159 52
2.015873679831797105 159 63
2.015873679831797105 160 63
2.015873679831797105 164 179
2.015873679831797105 166 70
2.015873679831797105 167 84
2.015873679831797105 167 176
2.015873679831797105 168 41
2.015873679831797105 168 49
2.015873679831797105 168 88
2.015873679831797105 169 121
2.015873679831797105 169 176
2.015873679831797105 170 69
2.015873679831797105 170 177
2.015873679831797105 171 80
2.015873679831797105 172 102
2.015873679831797105 173 176
2.015873679831797105 174 97
2.015873679831797105 174 102
2.015873679831797105 175 82
2.015873679831797105 176 128
2.015873679831797105 177 174
2.015873679831797105 177 176
2.015873679831797105 178 92
2.015873679831797105 178 98
2.015873679831797105 178 168
2.015873679831797105 179 42
2.015873679831797105 179 159
2.015873679831797105 180 177
2.015873679831797105 181 94
2.015873679831797105 181 168
2.015873679831797105 182 41
2.015873679831797105 182 99
2.015873679831797105 182 177
2.015873679831797105 183 54
2.015873679831797105 183 89
2.015873679831797105 183 101
2.015873679831797105 184 60
2.015873679831797105 184 168
2.015873679831797105 185 54
2.015873679831797105 185 167
2.015873679831797105 186 1
2.015873679831797105 187 166
2.015873679831797105 188 1
2.015873679831797105 188 95
2.015873679831797105 188 97
2.015873679831797105 189 106
2.015873679831797105 190 1
2.015873679831797105 190 3
2.015873679831797105 190 97
2.015873679831797105 190 103
2.015873679831797105 190 168
2.015873679831797105 191 46
2.015873679831797105 191 101
2.015873679831797105 191 106
2.015873679831797105 191 164
2.015873679831797105 192 110
2.015873679831797105 192 168
2.015873679831797105 193 58
2.015873679831797105 193 101
2.015873679831797105 194 107
2.015873679831797105 194 109
2.015873679831797105 195 58
2.015873679831797105 195 96
2.015873679831797105 196 98
2.015873679831797105 196 112
2.015873679831797105 197 59
2.015873679831797105 197 81
2.015873679831797105 199 52
2.015873679831797105 199 112
2.015873679831797105 200 49
2.015873679831797105 200 95
2.015873679831797105 200 105
2.015873679831797105 202 94
2.015873679831797105 204 95
2.015873679831797105 205 44
2.015873679831797105 205 100
2.015873679831797105 206 100
2.015873679831797105 206 245
2.015873679831797105 207 5
2.015873679831797105 207 243
2.015873679831797105 208 63
2.015873679831797105 208 105
2.015873679831797105 208 114
2.015873679831797105 208 253
2.015873679831797105 209 44
2.015873679831797105 209 45
2.015873679831797105 211 88
2.015873679831797105 212 105
2.015873679831797105 213 81
2.015873679831797105 213 92
2.015873679831797105 213 254
2.015873679831797105 214 40
2.015873679831797105 214 96
2.015873679831797105 215 43
2.015873679831797105 216 254
2.015873679831797105 217 40
2.015873679831797105 217 112
2.015873679831797105 218 61
2.015873679831797105 218 245
2.015873679831797105 219 87
2.015873679831797105 220 40
2.015873679831797105 220 78
2.015873679831797105 220 244
2.015873679831797105 221 43
2.015873679831797105 221 109
2.015873679831797105 221 251
2.015873679831797105 222 39
2.015873679831797105 223 45
2.015873679831797105 223 110
2.015873679831797105 223 242
2.015873679831797105 224 67
2.015873679831797105 224 241
2.015873679831797105 226 61
2.015873679831797105 226 248
2.015873679831797105 227 60
2.015873679831797105 227 239
2.015873679831797105 227 247
2.015873679831797105 228 42
2.015873679831797105 228 44
2.015873679831797105 228 86
2.015873679831797105 229 64
2.015873679831797105 229 246
2.015873679831797105 229 254
2.015873679831797105 231 71
2.015873679831797105 232 47
2.015873679831797105 232 94
2.015873679831797105 233 45
2.015873679831797105 233 51
2.015873679831797105 233 72
2.015873679831797105 234 105
2.015873679831797105 234 251
2.015873679831797105 235 63
2.015873679831797105 237 65
2.015873679831797105 237 91
2.015873679831797105 237 248
2.015873679831797105 237 250
2.015873679831797105 238 83
2.015873679831797105 238 195
2.015873679831797105 239 42
2.015873679831797105 239 66
2.015873679831797105 241 88
2.015873679831797105 241 199
2.015873679831797105 243 40
2.015873679831797105 243 47
2.015873679831797105 243 212
2.015873679831797105 244 119
2.015873679831797105 245 39
2.015873679831797105 245 46
2.015873679831797105 245 89
2.015873679831797105 246 76
2.015873679831797105 247 116
2.015873679831797105 247 117
2.015873679831797105 248 61
2.015873679831797105 248 64
2.015873679831797105 248 119
2.015873679831797105 249 57
2.015873679831797105 249 58
2.015873679831797105 249 113
2.015873679831797105 249 244
2.015873679831797105 250 40
2.015873679831797105 250 77
2.015873679831797105 250 111
2.015873679831797105 252 112
2.015873679831797105 252 114
2.015873679831797105 252 116
2.015873679831797105 253 109
2.015873679831797105 253 254
2.015873679831797105 254 114
2.015873679831797105 254 116
2.539841683149119511 2 38
2.539841683149119511 2 39
2.539841683149119511 2 46
2.539841683149119511 3 48
2.539841683149119511 4 45
2.539841683149119511 5 42
2.539841683149119511 5 48
2.539841683149119511 6 40
2.539841683149119511 8 43
2.539841683149119511 9 43
2.539841683149119511 10 40
2.539841683149119511 11 42
2.539841683149119511 12 46
2.539841683149119511 12 178
2.539841683149119511 13 40
2.539841683149119511 13 43
2.539841683149119511 13 48
2.539841683149119511 15 43
2.539841683149119511 15 48
2.539841683149119511 16 40
2.539841683149119511 16 46
2.539841683149119511 18 40
2.539841683149119511 18 42
2.539841683149119511 18 45
2.539841683149119511 18 48
2.539841683149119511 19 42
2.539841683149119511 19 43
2.539841683149119511 19 47
2.539841683149119511 20 42
2.539841683149119511 20 250
2.539841683149119511 20 254
2.539841683149119511 21 48
2.539841683149119511 21 244
2.539841683149119511 22 243
2.539841683149119511 22 252
2.539841683149119511 22 254
2.539841683149119511 23 39
2.539841683149119511 23 43
2.539841683149119511 24 246
2.539841683149119511 24 248
2.539841683149119511 24 252
2.539841683149119511 24 253
2.539841683149119511 25 42
2.539841683149119511 25 244
2.539841683149119511 25 250
2.539841683149119511 25 253
2.539841683149119511 26 40
2.539841683149119511 26 46
2.539841683149119511 27 246
2.539841683149119511 28 237
2.539841683149119511 28 249
2.539841683149119511 28 251
2.539841683149119511 29 45
2.539841683149119511 30 240
2.539841683149119511 30 246
2.539841683149119511 31 41
2.539841683149119511 31 43
2.539841683149119511 31 48
2.539841683149119511 31 224
2.539841683149119511 33 158
2.539841683149119511 34 161
2.539841683149119511 35 41
2.539841683149119511 35 44
2.539841683149119511 35 158
2.539841683149119511 35 239
2.539841683149119511 36 49
2.539841683149119511 36 158
2.539841683149119511 37 37
2.539841683149119511 37 43
2.539841683149119511 37 237
2.539841683149119511 38 50
2.539841683149119511 38 157
2.539841683149119511 38 158
2.539841683149119511 38 235
2.539841683149119511 39 43
2.539841683149119511 39 45
2.539841683149119511 39 160
2.539841683149119511 40 41
2.539841683149119511 40 50
2.539841683149119511 41 232
2.539841683149119511 43 50
2.539841683149119511 44 39
2.539841683149119511 44 44
2.539841683149119511 44 46
2.539841683149119511 44 48
2.539841683149119511 45 229
2.539841683149119511 46 225
2.539841683149119511 47 47
2.539841683149119511 48 44
2.539841683149119511 48 50
2.539841683149119511 48 227
2.539841683149119511 51 46
2.539841683149119511 51 226
2.539841683149119511 51 230
2.539841683149119511 52 40
2.539841683149119511 52 48
2.539841683149119511 52 224
2.539841683149119511 53 40
2.539841683149119511 53 48
2.539841683149119511 54 50
2.539841683149119511 54 218
2.539841683149119511 54 224
2.539841683149119511 55 48
2.539841683149119511 55 220
2.539841683149119511 56 44
2.539841683149119511 56 222
2.539841683149119511 57 44
2.539841683149119511 57 52
2.539841683149119511 57 64
2.539841683149119511 57 219
2.539841683149119511 57 220
2.539841683149119511 58 218
2.539841683149119511 59 64
2.539841683149119511 60 50
2.539841683149119511 61 44
2.539841683149119511 61 217
2.539841683149119511 62 44
2.539841683149119511 62 50
2.539841683149119511 62 63
2.539841683149119511 62 224
2.539841683149119511 63 47
2.539841683149119511 64 2
2.539841683149119511 64 40
2.539841683149119511 64 49
2.539841683149119511 64 52
2.539841683149119511 64 54
2.539841683149119511 65 2
2.539841683149119511 65 4
2.539841683149119511 66 54
2.539841683149119511 66 221
2.539841683149119511 67 41
2.539841683149119511 67 44
2.539841683149119511 68 2
2.539841683149119511 68 5
2.539841683149119511 68 52
2.539841683149119511 69 43
2.539841683149119511 69 48
2.539841683149119511 69 50
2.539841683149119511 69 54
2.539841683149119511 70 1
2.539841683149119511 70 48
2.539841683149119511 71 3
2.539841683149119511 71 6
2.539841683149119511 71 8
2.539841683149119511 71 44
2.539841683149119511 72 50
2.539841683149119511 72 51
2.539841683149119511 72 53
2.539841683149119511 73 41
2.539841683149119511 75 51
2.539841683149119511 75 52
2.539841683149119511 76 47
2.539841683149119511 76 49
2.539841683149119511 76 61
2.539841683149119511 77 2
2.539841683149119511 77 4
2.539841683149119511 77 44
2.539841683149119511 77 51
2.539841683149119511 78 42
2.539841683149119511 78 51
2.539841683149119511 79 45
2.539841683149119511 80 2
2.539841683149119511 80 3
2.539841683149119511 81 6
2.539841683149119511 81 50
2.539841683149119511 81 52
2.539841683149119511 82 4
2.539841683149119511 83 2
2.539841683149119511 83 43
2.539841683149119511 83 51
2.539841683149119511 84 47
2.539841683149119511 85 6
2.539841683149119511 85 52
2.539841683149119511 86 46
2.539841683149119511 86 48
2.539841683149119511 87 2
2.539841683149119511 87 4
2.539841683149119511 87 51
2.539841683149119511 88 46
2.539841683149119511 88 48
2.539841683149119511 89 2
2.539841683149119511 89 159
2.539841683149119511 90 6
2.539841683149119511 90 51
2.539841683149119511 91 4
2.539841683149119511 91 43
2.539841683149119511 91 46
2.539841683149119511 92 3
2.539841683149119511 92 43
2.539841683149119511 92 48
2.539841683149119511 92 51
2.539841683149119511 92 230
2.539841683149119511 93 7
2.539841683149119511 93 46
2.539841683149119511 94 1
2.539841683149119511 94 43
2.539841683149119511 94 51
2.539841683149119511 94 192
2.539841683149119511 95 6
2.539841683149119511 95 47
2.539841683149119511 96 191
2.539841683149119511 96 230
2.539841683149119511 97 8
2.539841683149119511 98 2
2.539841683149119511 99 6
2.539841683149119511 100 2
2.539841683149119511 101 232
2.539841683149119511 102 204
2.539841683149119511 104 3
2.539841683149119511 105 6
2.539841683149119511 105 114
2.539841683149119511 105 240
2.539841683149119511 106 3
2.539841683149119511 106 57
2.539841683149119511 106 196
2.539841683149119511 106 201
2.539841683149119511 107 4
2.539841683149119511 107 6
2.539841683149119511 107 51
2.539841683149119511 107 194
2.539841683149119511 107 238
2.539841683149119511 108 109
2.539841683149119511 108 196
2.539841683149119511 108 233
2.539841683149119511 109 1
2.539841683149119511 109 45
2.539841683149119511 109 46
2.539841683149119511 109 194
2.539841683149119511 109 197
2.539841683149119511 110 4
2.539841683149119511 111 194
2.539841683149119511 111 198
2.539841683149119511 112 4
2.539841683149119511 112 45
2.539841683149119511 112 50
2.539841683149119511 112 52
2.539841683149119511 112 53
2.539841683149119511 112 182
2.539841683149119511 112 198
2.539841683149119511 113 1
2.539841683149119511 113 198
2.539841683149119511 114 42
2.539841683149119511 114 52
2.539841683149119511 115 46
2.539841683149119511 115 47
2.539841683149119511 115 192
2.539841683149119511 115 198
2.539841683149119511 116 4
2.539841683149119511 116 42
2.539841683149119511 116 51
2.539841683149119511 117 47
2.539841683149119511 117 183
2.539841683149119511 118 1
2.539841683149119511 118 5
2.539841683149119511 118 193
2.539841683149119511 119 42
2.539841683149119511 120 46
2.539841683149119511 120 95
2.539841683149119511 121 4
2.539841683149119511 121 183
2.539841683149119511 121 191
2.539841683149119511 121 196
2.539841683149119511 122 42
2.539841683149119511 122 44
2.539841683149119511 122 48
2.539841683149119511 122 53
2.539841683149119511 123 95
2.539841683149119511 123 103
2.539841683149119511 124 1
2.539841683149119511 124 2
2.539841683149119511 124 4
2.539841683149119511 124 5
2.539841683149119511 124 45
2.539841683149119511 124 183
2.539841683149119511 125 43
2.539841683149119511 126 2
2.539841683149119511 126 87
2.539841683149119511 127 44
2.539841683149119511 128 6
2.539841683149119511 128 46
2.539841683149119511 128 183
2.539841683149119511 129 5
2.539841683149119511 130 1
2.539841683149119511 130 93
2.539841683149119511 132 41
2.539841683149119511 132 43
2.539841683149119511 135 41
2.539841683149119511 135 43
2.539841683149119511 136 184
2.539841683149119511 137 93
2.539841683149119511 137 189
2.539841683149119511 138 82
2.539841683149119511 139 3
2.539841683149119511 139 184
2.539841683149119511 140 79
2.539841683149119511 140 83
2.539841683149119511 142 184
2.539841683149119511 146 78
2.539841683149119511 152 87
2.539841683149119511 153 186
2.539841683149119511 154 85
2.539841683149119511 155 99
2.539841683149119511 155 186
2.539841683149119511 157 187
2.539841683149119511 160 40
2.539841683149119511 160 64
2.539841683149119511 160 94
2.539841683149119511 160 187
2.539841683149119511 161 187
2.539841683149119511 164 177
2.539841683149119511 166 89
2.539841683149119511 176 178
2.539841683149119511 177 3
2.539841683149119511 177 176
2.539841683149119511 178 173
2.539841683149119511 180 4
2.539841683149119511 181 94
2.539841683149119511 181 96
2.539841683149119511 181 105
2.539841683149119511 182 2
2.539841683149119511 182 99
2.539841683149119511 183 91
2.539841683149119511 183 104
2.539841683149119511 185 94
2.539841683149119511 185 96
2.539841683149119511 186 102
2.539841683149119511 186 107
2.539841683149119511 187 175
2.539841683149119511 188 163
2.539841683149119511 189 90
2.539841683149119511 189 94
2.539841683149119511 189 103
2.539841683149119511 190 88
2.539841683149119511 190 166
2.539841683149119511 191 46
2.539841683149119511 191 104
2.539841683149119511 192 90
2.539841683149119511 192 98
2.539841683149119511 193 103
2.539841683149119511 194 94
2.539841683149119511 194 109
2.539841683149119511 197 92
2.539841683149119511 198 92
2.539841683149119511 198 107
2.539841683149119511 200 100
2.539841683149119511 201 97
2.539841683149119511 202 101
2.539841683149119511 204 103
2.539841683149119511 205 107
2.539841683149119511 206 112
2.539841683149119511 206 114
2.539841683149119511 206 245
2.539841683149119511 207 98
2.539841683149119511 209 102
2.539841683149119511 209 252
2.539841683149119511 210 7
2.539841683149119511 210 52
2.539841683149119511 210 249
2.539841683149119511 212 7
2.539841683149119511 212 96
2.539841683149119511 212 251
2.539841683149119511 214 7
2.539841683149119511 215 56
2.539841683149119511 215 114
2.539841683149119511 216 46
2.539841683149119511 216 254
2.539841683149119511 217 51
2.539841683149119511 217 112
2.539841683149119511 220 55
2.539841683149119511 221 111
2.539841683149119511 221 251
2.539841683149119511 223 7
2.539841683149119511 223 97
2.539841683149119511 224 42
2.539841683149119511 224 243
2.539841683149119511 225 238
2.539841683149119511 226 43
2.539841683149119511 227 8
2.539841683149119511 227 110
2.539841683149119511 228 53
2.539841683149119511 228 246
2.539841683149119511 229 53
2.539841683149119511 229 236
2.539841683149119511 229 246
2.539841683149119511 230 8
2.539841683149119511 230 111
2.539841683149119511 231 45
2.539841683149119511 231 55
2.539841683149119511 232 53
2.539841683149119511 232 221
2.539841683149119511 232 252
2.539841683149119511 233 8
2.539841683149119511 235 8
2.539841683149119511 235 42
2.539841683149119511 235 43
2.539841683149119511 235 48
2.539841683149119511 236 54
2.539841683149119511 236 102
2.539841683149119511 237 43
2.539841683149119511 237 104
2.539841683149119511 237 242
2.539841683149119511 237 248
2.539841683149119511 238 100
2.539841683149119511 239 57
2.539841683149119511 239 102
2.539841683149119511 239 196
2.539841683149119511 241 10
2.539841683149119511 242 41
2.539841683149119511 244 195
2.539841683149119511 244 229
2.539841683149119511 247 44
2.539841683149119511 247 196
2.539841683149119511 248 80
2.539841683149119511 249 10
2.539841683149119511 249 76
2.539841683149119511 250 200
2.539841683149119511 251 10
2.539841683149119511 251 241
2.539841683149119511 252 238
2.539841683149119511 254 10
2.539841683149119511 254 44
2.539841683149119511 254 65
2.539841683149119511 254 239
3.200000000000000178 1 4
3.200000000000000178 2 7
3.200000000000000178 3 4
3.200000000000000178 3 14
3.200000000000000178 6 4
3.200000000000000178 6 6
3.200000000000000178 6 176
3.200000000000000178 7 176
3.200000000000000178 8 6
3.200000000000000178 8 12
3.200000000000000178 10 4
3.200000000000000178 10 45
3.200000000000000178 10 178
3.200000000000000178 10 182
3.200000000000000178 10 184
3.200000000000000178 11 10
3.200000000000000178 11 22
3.200000000000000178 11 184
3.200000000000000178 12 2
3.200000000000000178 12 6
3.200000000000000178 12 19
3.200000000000000178 12 179
3.200000000000000178 13 189
3.200000000000000178 14 2
3.200000000000000178 14 4
3.200000000000000178 14 6
3.200000000000000178 14 13
3.200000000000000178 14 19
3.200000000000000178 14 182
3.200000000000000178 14 183
3.200000000000000178 14 253
3.200000000000000178 15 10
3.200000000000000178 15 17
3.200000000000000178 15 46
3.200000000000000178 16 4
3.200000000000000178 16 6
3.200000000000000178 16 241
3.200000000000000178 17 3
3.200000000000000178 17 21
3.200000000000000178 17 187
3.200000000000000178 17 191
3.200000000000000178 18 2
3.200000000000000178 18 20
3.200000000000000178 18 21
3.200000000000000178 18 45
3.200000000000000178 18 184
3.200000000000000178 19 5
3.200000000000000178 19 17
3.200000000000000178 19 21
3.200000000000000178 19 251
3.200000000000000178 20 249
3.200000000000000178 21 1
3.200000000000000178 21 3
3.200000000000000178 22 252
3.200000000000000178 23 21
3.200000000000000178 24 4
3.200000000000000178 24 14
3.200000000000000178 24 253
3.200000000000000178 25 16
3.200000000000000178 25 20
3.200000000000000178 27 244
3.200000000000000178 28 251
3.200000000000000178 29 21
3.200000000000000178 30 237
3.200000000000000178 30 249
3.200000000000000178 31 247
3.200000000000000178 32 21
3.200000000000000178 33 242
3.200000000000000178 34 46
3.200000000000000178 34 235
3.200000000000000178 35 20
3.200000000000000178 35 43
3.200000000000000178 36 22
3.200000000000000178 36 243
3.200000000000000178 38 22
3.200000000000000178 40 22
3.200000000000000178 40 46
3.200000000000000178 40 234
3.200000000000000178 42 22
3.200000000000000178 42 42
3.200000000000000178 42 228
3.200000000000000178 43 175
3.200000000000000178 44 46
3.200000000000000178 44 173
3.200000000000000178 45 22
3.200000000000000178 46 43
3.200000000000000178 47 175
3.200000000000000178 48 21
3.200000000000000178 48 44
3.200000000000000178 48 228
3.200000000000000178 50 21
3.200000000000000178 50 175
3.200000000000000178 51 221
3.200000000000000178 51 226
3.200000000000000178 52 17
3.200000000000000178 52 174
3.200000000000000178 54 22
3.200000000000000178 54 224
3.200000000000000178 56 21
3.200000000000000178 58 27
3.200000000000000178 59 59
3.200000000000000178 60 50
3.200000000000000178 60 221
3.200000000000000178 60 253
3.200000000000000178 61 22
3.200000000000000178 61 57
3.200000000000000178 61 251
3.200000000000000178 62 47
3.200000000000000178 62 49
3.200000000000000178 62 58
3.200000000000000178 63 22
3.200000000000000178 63 249
3.200000000000000178 64 47
3.200000000000000178 64 57
3.200000000000000178 64 200
3.200000000000000178 64 248
3.200000000000000178 64 252
3.200000000000000178 64 254
3.200000000000000178 66 22
3.200000000000000178 66 248
3.200000000000000178 66 252
3.200000000000000178 67 58
3.200000000000000178 67 246
3.200000000000000178 68 241
3.200000000000000178 68 244
3.200000000000000178 68 246
3.200000000000000178 68 248
3.200000000000000178 69 48
3.200000000000000178 69 57
3.200000000000000178 70 44
3.200000000000000178 70 48
3.200000000000000178 70 242
3.200000000000000178 70 247
3.200000000000000178 70 248
3.200000000000000178 71 21
3.200000000000000178 71 244
3.200000000000000178 71 247
3.200000000000000178 71 250
3.200000000000000178 71 251
3.200000000000000178 71 253
3.200000000000000178 72 23
3.200000000000000178 72 46
3.200000000000000178 72 48
3.200000000000000178 72 250
3.200000000000000178 73 22
3.200000000000000178 73 41
3.200000000000000178 73 250
3.200000000000000178 73 251
3.200000000000000178 74 1
3.200000000000000178 74 44
3.200000000000000178 74 46
3.200000000000000178 74 67
3.200000000000000178 74 246
3.200000000000000178 74 254
3.200000000000000178 75 20
3.200000000000000178 75 242
3.200000000000000178 76 21
3.200000000000000178 76 246
3.200000000000000178 76 247
3.200000000000000178 76 251
3.200000000000000178 78 47
3.200000000000000178 78 240
3.200000000000000178 78 244
3.200000000000000178 78 245
3.200000000000000178 78 246
3.200000000000000178 78 252
3.200000000000000178 78 253
3.200000000000000178 79 22
3.200000000000000178 79 44
3.200000000000000178 79 239
3.200000000000000178 79 252
3.200000000000000178 80 240
3.200000000000000178 80 242
3.200000000000000178 80 244
3.200000000000000178 80 249
3.200000000000000178 82 238
3.200000000000000178 82 240
3.200000000000000178 82 252
3.200000000000000178 83 23
3.200000000000000178 83 247
3.200000000000000178 84 244
3.200000000000000178 85 236
3.200000000000000178 86 22
3.200000000000000178 86 46
3.200000000000000178 86 233
3.200000000000000178 86 244
3.200000000000000178 87 239
3.200000000000000178 87 241
3.200000000000000178 88 44
3.200000000000000178 88 241
3.200000000000000178 89 67
3.200000000000000178 89 228
3.200000000000000178 89 234
3.200000000000000178 90 233
3.200000000000000178 90 238
3.200000000000000178 90 239
3.200000000000000178 91 45
3.200000000000000178 91 67
3.200000000000000178 92 45
3.200000000000000178 92 230
3.200000000000000178 92 235
3.200000000000000178 93 232
3.200000000000000178 94 234
3.200000000000000178 94 236
3.200000000000000178 94 243
3.200000000000000178 95 233
3.200000000000000178 95 234
3.200000000000000178 95 236
3.200000000000000178 95 238
3.200000000000000178 96 230
3.200000000000000178 97 244
3.200000000000000178 98 229
3.200000000000000178 98 232
3.200000000000000178 99 2
3.200000000000000178 99 195
3.200000000000000178 99 241
3.200000000000000178 100 193
3.200000000000000178 100 227
3.200000000000000178 100 235
3.200000000000000178 101 23
3.200000000000000178 101 66
3.200000000000000178 101 242
3.200000000000000178 102 1
3.200000000000000178 102 231
3.200000000000000178 102 237
3.200000000000000178 102 242
3.200000000000000178 104 229
3.200000000000000178 104 232
3.200000000000000178 104 239
3.200000000000000178 104 242
3.200000000000000178 104 247
3.200000000000000178 104 248
3.200000000000000178 105 234
3.200000000000000178 105 245
3.200000000000000178 106 22
3.200000000000000178 106 233
3.200000000000000178 106 241
3.200000000000000178 107 236
3.200000000000000178 107 238
3.200000000000000178 107 240
3.200000000000000178 107 241
3.200000000000000178 107 244
3.200000000000000178 107 245
3.200000000000000178 108 22
3.200000000000000178 108 107
3.200000000000000178 108 243
3.200000000000000178 108 245
3.200000000000000178 109 51
3.200000000000000178 110 106
3.200000000000000178 110 241
3.200000000000000178 111 22
3.200000000000000178 111 108
3.200000000000000178 112 50
3.200000000000000178 112 106
3.200000000000000178 114 1
3.200000000000000178 114 224
3.200000000000000178 115 21
3.200000000000000178 115 42
3.200000000000000178 115 47
3.200000000000000178 116 50
3.200000000000000178 116 72
3.200000000000000178 117 2
3.200000000000000178 117 23
3.200000000000000178 119 22
3.200000000000000178 119 128
3.200000000000000178 119 187
3.200000000000000178 119 189
3.200000000000000178 120 3
3.200000000000000178 120 124
3.200000000000000178 120 189
3.200000000000000178 121 98
3.200000000000000178 121 193
3.200000000000000178 121 215
3.200000000000000178 122 79
3.200000000000000178 122 188
3.200000000000000178 122 221
3.200000000000000178 123 21
3.200000000000000178 123 67
3.200000000000000178 123 99
3.200000000000000178 123 195
3.200000000000000178 123 219
3.200000000000000178 124 90
3.200000000000000178 124 118
3.200000000000000178 124 221
3.200000000000000178 125 21
3.200000000000000178 125 24
3.200000000000000178 125 56
3.200000000000000178 125 228
3.200000000000000178 126 59
3.200000000000000178 126 189
3.200000000000000178 127 21
3.200000000000000178 127 226
3.200000000000000178 128 188
3.200000000000000178 128 216
3.200000000000000178 129 21
3.200000000000000178 131 21
3.200000000000000178 132 23
3.200000000000000178 132 92
3.200000000000000178 132 112
3.200000000000000178 133 51
3.200000000000000178 133 86
3.200000000000000178 134 188
3.200000000000000178 135 21
3.200000000000000178 135 110
3.200000000000000178 137 77
3.200000000000000178 138 23
3.200000000000000178 139 21
3.200000000000000178 139 75
3.200000000000000178 140 44
3.200000000000000178 140 71
3.200000000000000178 142 23
3.200000000000000178 142 66
3.200000000000000178 142 83
3.200000000000000178 143 21
3.200000000000000178 143 44
3.200000000000000178 143 86
3.200000000000000178 144 65
3.200000000000000178 146 1
3.200000000000000178 146 3
3.200000000000000178 146 80
3.200000000000000178 147 23
3.200000000000000178 148 46
3.200000000000000178 148 82
3.200000000000000178 149 43
3.200000000000000178 150 44
3.200000000000000178 150 46
3.200000000000000178 150 80
3.200000000000000178 151 64
3.200000000000000178 152 2
3.200000000000000178 152 46
3.200000000000000178 152 62
3.200000000000000178 153 23
3.200000000000000178 154 23
3.200000000000000178 154 162
3.200000000000000178 155 44
3.200000000000000178 156 55
3.200000000000000178 157 1
3.200000000000000178 157 81
3.200000000000000178 158 88
3.200000000000000178 158 181
3.200000000000000178 159 22
3.200000000000000178 160 62
3.200000000000000178 160 88
3.200000000000000178 161 22
3.200000000000000178 161 181
3.200000000000000178 162 68
3.200000000000000178 163 22
3.200000000000000178 163 47
3.200000000000000178 163 181
3.200000000000000178 164 44
3.200000000000000178 165 193
3.200000000000000178 166 177
3.200000000000000178 167 22
3.200000000000000178 167 45
3.200000000000000178 167 87
3.200000000000000178 167 89
3.200000000000000178 167 194
3.200000000000000178 168 22
3.200000000000000178 168 89
3.200000000000000178 168 96
3.200000000000000178 169 91
3.200000000000000178 170 63
3.200000000000000178 170 173
3.200000000000000178 170 175
3.200000000000000178 171 22
3.200000000000000178 173 22
3.200000000000000178 173 154
3.200000000000000178 174 176
3.200000000000000178 175 22
3.200000000000000178 175 85
3.200000000000000178 175 174
3.200000000000000178 177 21
3.200000000000000178 177 22
3.200000000000000178 177 74
3.200000000000000178 177 78
3.200000000000000178 177 82
3.200000000000000178 178 78
3.200000000000000178 179 82
3.200000000000000178 179 85
3.200000000000000178 179 102
3.200000000000000178 179 174
3.200000000000000178 182 24
3.200000000000000178 182 42
3.200000000000000178 182 103
3.200000000000000178 182 172
3.200000000000000178 182 177
3.200000000000000178 183 22
3.200000000000000178 184 52
3.200000000000000178 184 151
3.200000000000000178 184 171
3.200000000000000178 185 99
3.200000000000000178 186 22
3.200000000000000178 186 44
3.200000000000000178 186 102
3.200000000000000178 186 165
3.200000000000000178 186 170
3.200000000000000178 187 24
3.200000000000000178 187 98
3.200000000000000178 187 172
3.200000000000000178 187 177
3.200000000000000178 188 22
3.200000000000000178 188 44
3.200000000000000178 188 71
3.200000000000000178 189 92
3.200000000000000178 193 22
3.200000000000000178 193 96
3.200000000000000178 194 91
3.200000000000000178 194 94
3.200000000000000178 195 178
3.200000000000000178 196 23
3.200000000000000178 197 30
3.200000000000000178 198 58
3.200000000000000178 198 101
3.200000000000000178 198 107
3.200000000000000178 199 23
3.200000000000000178 201 1
3.200000000000000178 201 23
3.200000000000000178 201 49
3.200000000000000178 201 57
3.200000000000000178 201 108
3.200000000000000178 203 101
3.200000000000000178 204 24
3.200000000000000178 205 80
3.200000000000000178 205 90
3.200000000000000178 205 107
3.200000000000000178 206 24
3.200000000000000178 206 78
3.200000000000000178 206 109
3.200000000000000178 206 253
3.200000000000000178 207 48
3.200000000000000178 207 81
3.200000000000000178 207 107
3.200000000000000178 208 50
3.200000000000000178 208 75
3.200000000000000178 208 101
3.200000000000000178 209 108
3.200000000000000178 209 250
3.200000000000000178 210 24
3.200000000000000178 210 48
3.200000000000000178 210 253
3.200000000000000178 211 82
3.200000000000000178 212 25
3.200000000000000178 212 74
3.200000000000000178 212 92
3.200000000000000178 212 223
3.200000000000000178 213 45
3.200000000000000178 213 82
3.200000000000000178 213 108
3.200000000000000178 213 250
3.200000000000000178 214 23
3.200000000000000178 214 45
3.200000000000000178 214 92
3.200000000000000178 214 223
3.200000000000000178 215 64
3.200000000000000178 215 75
3.200000000000000178 216 52
3.200000000000000178 216 92
3.200000000000000178 217 50
3.200000000000000178 217 55
3.200000000000000178 217 94
3.200000000000000178 217 246
3.200000000000000178 218 25
3.200000000000000178 218 108
3.200000000000000178 218 222
3.200000000000000178 219 73
3.200000000000000178 219 99
3.200000000000000178 220 2
3.200000000000000178 220 24
3.200000000000000178 220 80
3.200000000000000178 220 222
3.200000000000000178 220 244
3.200000000000000178 221 2
3.200000000000000178 221 45
3.200000000000000178 221 82
3.200000000000000178 221 110
3.200000000000000178 221 219
3.200000000000000178 221 222
3.200000000000000178 222 24
3.200000000000000178 222 42
3.200000000000000178 222 47
3.200000000000000178 222 55
3.200000000000000178 222 84
3.200000000000000178 222 107
3.200000000000000178 222 243
3.200000000000000178 223 49
3.200000000000000178 223 107
3.200000000000000178 223 253
3.200000000000000178 224 110
3.200000000000000178 225 2
3.200000000000000178 226 56
3.200000000000000178 226 250
3.200000000000000178 227 48
3.200000000000000178 228 53
3.200000000000000178 228 108
3.200000000000000178 229 25
3.200000000000000178 230 57
3.200000000000000178 230 78
3.200000000000000178 230 107
3.200000000000000178 231 23
3.200000000000000178 231 50
3.200000000000000178 231 59
3.200000000000000178 232 88
3.200000000000000178 232 106
3.200000000000000178 233 24
3.200000000000000178 233 42
3.200000000000000178 233 48
3.200000000000000178 233 57
3.200000000000000178 233 242
3.200000000000000178 234 46
3.200000000000000178 234 59
3.200000000000000178 234 105
3.200000000000000178 234 245
3.200000000000000178 235 98
3.200000000000000178 237 23
3.200000000000000178 237 241
3.200000000000000178 237 251
3.200000000000000178 238 54
3.200000000000000178 238 71
3.200000000000000178 239 4
3.200000000000000178 239 57
3.200000000000000178 239 63
3.200000000000000178 239 81
3.200000000000000178 239 83
3.200000000000000178 240 25
3.200000000000000178 241 72
3.200000000000000178 241 83
3.200000000000000178 241 247
3.200000000000000178 242 50
3.200000000000000178 242 73
3.200000000000000178 242 238
3.200000000000000178 243 25
3.200000000000000178 243 80
3.200000000000000178 243 82
3.200000000000000178 243 247
3.200000000000000178 244 48
3.200000000000000178 244 58
3.200000000000000178 244 74
3.200000000000000178 245 7
3.200000000000000178 245 60
3.200000000000000178 246 73
3.200000000000000178 247 45
3.200000000000000178 247 47
3.200000000000000178 247 64
3.200000000000000178 247 243
3.200000000000000178 248 48
3.200000000000000178 248 78
3.200000000000000178 248 234
3.200000000000000178 250 41
3.200000000000000178 251 43
3.200000000000000178 251 46
3.200000000000000178 251 48
3.200000000000000178 251 66
3.200000000000000178 252 24
3.200000000000000178 253 47
3.200000000000000178 253 62
3.200000000000000178 254 24
3.200000000000000178 254 67
5.079683366298239022 88 40
6.400000000000000355 107 8
6.400000000000000355 109 8
6.400000000000000355 111 8
6.400000000000000355 115 8
6.400000000000000355 117 8
6.400000000000000355 118 8
6.400000000000000355 121 8
12.800000000000000711 33 35
