2.01587 1 18
2.01587 1 22
2.01587 1 50
2.01587 2 38
2.01587 2 167
2.01587 3 25
2.01587 3 27
2.01587 3 34
2.01587 3 132
2.01587 3 163
2.01587 3 165
2.01587 4 61
2.01587 4 90
2.01587 4 126
2.01587 4 150
2.01587 5 19
2.01587 5 32
2.01587 5 40
2.01587 5 44
2.01587 5 72
2.01587 5 81
2.01587 5 98
2.01587 5 102
2.01587 5 107
2.01587 5 109
2.01587 5 128
2.01587 5 135
2.01587 5 143
2.01587 5 145
2.01587 5 155
2.01587 5 157
2.01587 5 165
2.01587 6 30
2.01587 6 52
2.01587 6 55
2.01587 6 57
2.01587 6 118
2.01587 6 120
2.01587 8 15
2.01587 8 18
2.01587 8 28
2.01587 8 38
2.01587 8 43
2.01587 9 17
2.01587 9 32
2.01587 9 34
2.01587 9 75
2.01587 9 77
2.01587 9 85
2.01587 9 91
2.01587 9 93
2.01587 9 103
2.01587 9 118
2.01587 9 132
2.01587 9 149
2.01587 9 151
2.01587 10 28
2.01587 10 45
2.01587 10 48
2.01587 10 52
2.01587 10 57
2.01587 10 97
2.01587 10 101
2.01587 10 112
2.01587 10 136
2.01587 10 139
2.01587 10 142
2.01587 10 146
2.01587 10 169
2.01587 11 36
2.01587 11 76
2.01587 11 85
2.01587 12 25
2.01587 12 29
2.01587 12 169
2.01587 13 34
2.01587 14 47
2.01587 14 70
2.01587 14 84
2.01587 14 90
2.01587 14 98
2.01587 14 108
2.01587 14 110
2.01587 14 112
2.01587 14 114
2.01587 14 123
2.01587 14 125
2.01587 14 127
2.01587 14 134
2.01587 14 167
2.01587 15 20
2.01587 15 30
2.01587 15 32
2.01587 15 49
2.01587 15 53
2.01587 15 61
2.01587 15 63
2.01587 15 95
2.01587 15 130
2.01587 15 136
2.01587 17 30
2.01587 17 32
2.01587 17 106
2.01587 18 23
2.01587 18 51
2.01587 18 62
2.01587 18 66
2.01587 18 70
2.01587 18 75
2.01587 18 81
2.01587 18 84
2.01587 18 86
2.01587 18 93
2.01587 18 95
2.01587 18 103
2.01587 18 115
2.01587 18 121
2.01587 18 128
2.01587 18 133
2.01587 18 169
2.01587 19 33
2.01587 19 41
2.01587 19 46
2.01587 19 57
2.01587 19 59
2.01587 19 107
2.01587 19 112
2.01587 19 126
2.01587 19 158
2.01587 20 23
2.01587 21 12
2.01587 21 26
2.01587 21 32
2.01587 21 127
2.01587 21 130
2.01587 22 84
2.01587 22 91
2.01587 22 93
2.01587 22 97
2.01587 22 112
2.01587 22 115
2.01587 22 145
2.01587 22 148
2.01587 22 156
2.01587 22 158
2.01587 22 166
2.01587 23 20
2.01587 23 44
2.01587 23 64
2.01587 23 66
2.01587 23 101
2.01587 23 104
2.01587 23 106
2.01587 23 135
2.01587 23 137
2.01587 24 89
2.01587 24 126
2.01587 24 129
2.01587 25 52
2.01587 25 68
2.01587 25 84
2.01587 25 94
2.01587 25 96
2.01587 25 115
2.01587 25 124
2.01587 25 146
2.01587 25 153
2.01587 26 18
2.01587 26 25
2.01587 26 64
2.01587 26 66
2.01587 26 79
2.01587 26 104
2.01587 26 141
2.01587 26 150
2.01587 26 171
2.01587 27 12
2.01587 27 16
2.01587 27 22
2.01587 27 29
2.01587 27 46
2.01587 27 52
2.01587 27 61
2.01587 27 81
2.01587 27 83
2.01587 27 85
2.01587 27 89
2.01587 27 92
2.01587 27 94
2.01587 27 98
2.01587 27 110
2.01587 27 133
2.01587 27 168
2.01587 28 5
2.01587 28 78
2.01587 28 112
2.01587 28 114
2.01587 28 117
2.01587 28 121
2.01587 28 151
2.01587 28 153
2.01587 29 18
2.01587 29 20
2.01587 29 22
2.01587 29 36
2.01587 29 54
2.01587 29 71
2.01587 29 89
2.01587 29 105
2.01587 29 109
2.01587 29 142
2.01587 30 1
2.01587 30 7
2.01587 30 14
2.01587 30 63
2.01587 30 68
2.01587 30 73
2.01587 30 94
2.01587 30 114
2.01587 30 125
2.01587 30 140
2.01587 30 151
2.01587 30 153
2.01587 30 180
2.01587 31 20
2.01587 31 41
2.01587 31 43
2.01587 31 48
2.01587 31 52
2.01587 31 59
2.01587 31 65
2.01587 31 81
2.01587 31 83
2.01587 31 85
2.01587 31 105
2.01587 31 109
2.01587 31 111
2.01587 31 133
2.01587 31 146
2.01587 32 98
2.01587 32 117
2.01587 32 121
2.01587 32 125
2.01587 32 151
2.01587 32 153
2.01587 32 188
2.01587 33 32
2.01587 33 138
2.01587 33 165
2.01587 33 176
2.01587 34 59
2.01587 34 61
2.01587 34 97
2.01587 34 105
2.01587 34 107
2.01587 34 110
2.01587 34 135
2.01587 34 151
2.01587 34 154
2.01587 35 9
2.01587 35 55
2.01587 35 66
2.01587 35 72
2.01587 35 79
2.01587 35 119
2.01587 35 130
2.01587 35 141
2.01587 36 14
2.01587 36 32
2.01587 36 38
2.01587 36 41
2.01587 36 51
2.01587 36 53
2.01587 36 59
2.01587 36 62
2.01587 36 150
2.01587 37 1
2.01587 37 20
2.01587 37 29
2.01587 37 99
2.01587 37 103
2.01587 37 105
2.01587 37 107
2.01587 37 110
2.01587 37 117
2.01587 37 130
2.01587 38 79
2.01587 38 89
2.01587 38 127
2.01587 38 134
2.01587 38 136
2.01587 38 143
2.01587 38 150
2.01587 39 18
2.01587 39 21
2.01587 39 43
2.01587 39 45
2.01587 39 48
2.01587 39 50
2.01587 39 52
2.01587 39 57
2.01587 39 63
2.01587 39 75
2.01587 39 84
2.01587 39 91
2.01587 39 98
2.01587 39 100
2.01587 39 103
2.01587 39 105
2.01587 39 180
2.01587 40 12
2.01587 40 16
2.01587 40 96
2.01587 40 115
2.01587 40 127
2.01587 40 138
2.01587 40 187
2.01587 41 4
2.01587 41 99
2.01587 41 123
2.01587 41 193
2.01587 42 44
2.01587 42 55
2.01587 42 67
2.01587 42 76
2.01587 42 138
2.01587 42 146
2.01587 42 187
2.01587 43 19
2.01587 43 40
2.01587 43 47
2.01587 43 49
2.01587 43 51
2.01587 43 58
2.01587 43 61
2.01587 43 71
2.01587 43 85
2.01587 43 92
2.01587 43 94
2.01587 43 99
2.01587 43 101
2.01587 43 116
2.01587 43 129
2.01587 44 114
2.01587 44 119
2.01587 44 121
2.01587 45 49
2.01587 45 52
2.01587 45 90
2.01587 45 129
2.01587 45 140
2.01587 45 188
2.01587 46 12
2.01587 46 15
2.01587 46 18
2.01587 46 62
2.01587 46 84
2.01587 46 88
2.01587 46 112
2.01587 47 10
2.01587 47 117
2.01587 47 123
2.01587 47 127
2.01587 47 140
2.01587 48 39
2.01587 48 63
2.01587 48 94
2.01587 48 111
2.01587 48 119
2.01587 49 11
2.01587 49 42
2.01587 49 44
2.01587 49 46
2.01587 49 49
2.01587 49 53
2.01587 49 56
2.01587 49 60
2.01587 49 68
2.01587 49 70
2.01587 49 90
2.01587 49 138
2.01587 50 63
2.01587 50 96
2.01587 50 103
2.01587 50 106
2.01587 50 111
2.01587 50 115
2.01587 50 119
2.01587 50 121
2.01587 50 126
2.01587 50 128
2.01587 51 3
2.01587 51 9
2.01587 52 24
2.01587 52 28
2.01587 52 30
2.01587 52 68
2.01587 52 86
2.01587 52 117
2.01587 52 119
2.01587 53 8
2.01587 53 11
2.01587 53 41
2.01587 53 76
2.01587 53 103
2.01587 53 114
2.01587 53 133
2.01587 53 197
2.01587 54 80
2.01587 55 8
2.01587 55 11
2.01587 55 51
2.01587 55 53
2.01587 55 59
2.01587 55 74
2.01587 55 76
2.01587 55 102
2.01587 55 131
2.01587 55 133
2.01587 56 29
2.01587 56 43
2.01587 56 84
2.01587 56 100
2.01587 56 111
2.01587 56 117
2.01587 56 120
2.01587 56 190
2.01587 57 3
2.01587 57 11
2.01587 57 34
2.01587 57 50
2.01587 57 80
2.01587 57 92
2.01587 58 5
2.01587 58 54
2.01587 58 58
2.01587 58 63
2.01587 58 65
2.01587 58 69
2.01587 58 71
2.01587 58 126
2.01587 59 78
2.01587 60 51
2.01587 60 92
2.01587 60 125
2.01587 60 127
2.01587 61 110
2.01587 61 138
2.01587 62 45
2.01587 62 53
2.01587 62 69
2.01587 62 86
2.01587 62 88
2.01587 62 124
2.01587 63 48
2.01587 63 64
2.01587 63 76
2.01587 63 120
2.01587 64 36
2.01587 64 38
2.01587 64 51
2.01587 64 55
2.01587 64 60
2.01587 65 28
2.01587 65 32
2.01587 65 53
2.01587 65 70
2.01587 65 79
2.01587 65 88
2.01587 65 117
2.01587 66 3
2.01587 66 5
2.01587 66 7
2.01587 66 73
2.01587 67 9
2.01587 67 15
2.01587 67 18
2.01587 67 45
2.01587 67 51
2.01587 67 57
2.01587 67 85
2.01587 68 4
2.01587 68 20
2.01587 68 77
2.01587 68 102
2.01587 69 43
2.01587 69 45
2.01587 69 69
2.01587 70 10
2.01587 70 16
2.01587 70 33
2.01587 70 90
2.01587 70 100
2.01587 70 106
2.01587 71 20
2.01587 71 58
2.01587 71 60
2.01587 72 62
2.01587 72 74
2.01587 73 3
2.01587 73 12
2.01587 73 17
2.01587 73 26
2.01587 73 60
2.01587 73 92
2.01587 73 100
2.01587 74 8
2.01587 74 29
2.01587 74 42
2.01587 75 32
2.01587 75 36
2.01587 75 38
2.01587 75 64
2.01587 75 66
2.01587 75 95
2.01587 75 98
2.01587 75 118
2.01587 76 6
2.01587 77 19
2.01587 77 53
2.01587 77 59
2.01587 77 63
2.01587 77 92
2.01587 77 95
2.01587 78 3
2.01587 78 24
2.01587 78 31
2.01587 78 33
2.01587 78 38
2.01587 79 91
2.01587 79 252
2.01587 80 41
2.01587 80 89
2.01587 81 4
2.01587 81 44
2.01587 81 63
2.01587 81 73
2.01587 81 95
2.01587 81 252
2.01587 82 32
2.01587 82 50
2.01587 82 83
2.01587 82 249
2.01587 83 18
2.01587 83 71
2.01587 83 77
2.01587 84 28
2.01587 84 35
2.01587 84 40
2.01587 84 43
2.01587 84 64
2.01587 84 236
2.01587 85 60
2.01587 86 27
2.01587 86 30
2.01587 86 72
2.01587 87 78
2.01587 88 19
2.01587 88 21
2.01587 88 27
2.01587 88 60
2.01587 88 66
2.01587 88 82
2.01587 88 249
2.01587 89 11
2.01587 89 16
2.01587 89 72
2.01587 89 78
2.01587 89 239
2.01587 90 28
2.01587 90 35
2.01587 91 70
2.01587 91 244
2.01587 92 12
2.01587 92 15
2.01587 92 23
2.01587 92 33
2.01587 92 41
2.01587 92 46
2.01587 92 248
2.01587 93 31
2.01587 94 4
2.01587 94 10
2.01587 94 12
2.01587 94 21
2.01587 94 26
2.01587 94 68
2.01587 96 13
2.01587 96 19
2.01587 96 22
2.01587 96 37
2.01587 96 55
2.01587 97 1
2.01587 97 29
2.01587 98 23
2.01587 98 45
2.01587 98 68
2.01587 98 244
2.01587 99 6
2.01587 100 19
2.01587 100 31
2.01587 100 44
2.01587 100 247
2.01587 102 8
2.01587 102 10
2.01587 102 37
2.01587 102 41
2.01587 102 61
2.01587 102 247
2.01587 104 30
2.01587 104 38
2.01587 104 48
2.01587 104 53
2.01587 105 14
2.01587 106 243
2.01587 106 247
2.01587 106 250
2.01587 107 3
2.01587 107 11
2.01587 107 23
2.01587 107 252
2.01587 108 8
2.01587 108 25
2.01587 108 248
2.01587 109 4
2.01587 109 27
2.01587 109 57
2.01587 110 8
2.01587 110 10
2.01587 110 30
2.01587 110 35
2.01587 110 247
2.01587 111 2
2.01587 111 50
2.01587 112 238
2.01587 112 246
2.01587 113 1
2.01587 113 43
2.01587 115 7
2.01587 115 23
2.01587 115 42
2.01587 115 231
2.01587 115 237
2.01587 115 239
2.01587 116 4
2.01587 116 11
2.01587 116 21
2.01587 116 25
2.01587 116 48
2.01587 116 235
2.01587 116 253
2.01587 117 30
2.01587 117 232
2.01587 118 21
2.01587 118 228
2.01587 119 23
2.01587 119 26
2.01587 119 30
2.01587 119 231
2.01587 119 246
2.01587 120 11
2.01587 120 35
2.01587 120 44
2.01587 120 242
2.01587 121 23
2.01587 121 216
2.01587 121 220
2.01587 121 222
2.01587 121 229
2.01587 122 8
2.01587 122 10
2.01587 122 34
2.01587 122 44
2.01587 122 214
2.01587 122 252
2.01587 123 29
2.01587 123 31
2.01587 123 211
2.01587 123 242
2.01587 124 7
2.01587 124 11
2.01587 124 16
2.01587 124 225
2.01587 124 230
2.01587 124 234
2.01587 124 246
2.01587 125 36
2.01587 125 38
2.01587 125 208
2.01587 125 214
2.01587 125 218
2.01587 125 222
2.01587 125 228
2.01587 125 240
2.01587 126 41
2.01587 127 4
2.01587 128 19
2.01587 128 203
2.01587 128 205
2.01587 128 223
2.01587 128 225
2.01587 128 245
2.01587 128 252
2.01587 129 27
2.01587 129 30
2.01587 129 35
2.01587 129 38
2.01587 129 41
2.01587 129 201
2.01587 129 211
2.01587 129 238
2.01587 129 241
2.01587 130 252
2.01587 131 4
2.01587 131 10
2.01587 131 19
2.01587 131 22
2.01587 131 197
2.01587 131 201
2.01587 131 224
2.01587 132 14
2.01587 132 192
2.01587 133 36
2.01587 133 198
2.01587 133 227
2.01587 133 233
2.01587 134 19
2.01587 134 25
2.01587 135 11
2.01587 135 33
2.01587 135 36
2.01587 135 39
2.01587 135 215
2.01587 136 201
2.01587 136 233
2.01587 136 237
2.01587 137 11
2.01587 137 13
2.01587 137 34
2.01587 137 39
2.01587 137 183
2.01587 137 186
2.01587 137 207
2.01587 138 16
2.01587 138 190
2.01587 138 195
2.01587 138 242
2.01587 139 173
2.01587 139 176
2.01587 139 185
2.01587 139 197
2.01587 139 200
2.01587 139 202
2.01587 139 213
2.01587 139 216
2.01587 139 219
2.01587 139 234
2.01587 139 252
2.01587 140 222
2.01587 140 248
2.01587 141 183
2.01587 141 185
2.01587 141 187
2.01587 141 196
2.01587 141 227
2.01587 141 231
2.01587 142 16
2.01587 142 215
2.01587 143 19
2.01587 143 24
2.01587 143 187
2.01587 143 237
2.01587 143 239
2.01587 143 250
2.01587 144 170
2.01587 144 176
2.01587 144 183
2.01587 144 190
2.01587 144 192
2.01587 144 216
2.01587 144 218
2.01587 144 231
2.01587 144 252
2.01587 145 7
2.01587 145 185
2.01587 145 199
2.01587 146 162
2.01587 146 169
2.01587 146 239
2.01587 146 248
2.01587 147 30
2.01587 147 154
2.01587 147 175
2.01587 147 187
2.01587 147 197
2.01587 147 206
2.01587 147 212
2.01587 147 220
2.01587 147 254
2.01587 148 3
2.01587 148 8
2.01587 148 163
2.01587 148 185
2.01587 148 232
2.01587 149 29
2.01587 149 37
2.01587 149 182
2.01587 149 188
2.01587 149 207
2.01587 149 210
2.01587 150 6
2.01587 150 10
2.01587 150 167
2.01587 150 222
2.01587 150 229
2.01587 151 15
2.01587 151 24
2.01587 151 29
2.01587 151 207
2.01587 151 246
2.01587 151 249
2.01587 153 21
2.01587 153 30
2.01587 153 198
2.01587 153 219
2.01587 154 26
2.01587 154 161
2.01587 154 191
2.01587 154 222
2.01587 154 227
2.01587 155 7
2.01587 155 9
2.01587 155 28
2.01587 155 163
2.01587 156 23
2.01587 156 160
2.01587 156 195
2.01587 156 224
2.01587 157 6
2.01587 157 31
2.01587 157 138
2.01587 157 186
2.01587 157 212
2.01587 157 226
2.01587 158 161
2.01587 158 194
2.01587 158 219
2.01587 158 238
2.01587 159 5
2.01587 159 8
2.01587 159 11
2.01587 159 17
2.01587 159 34
2.01587 159 147
2.01587 159 199
2.01587 159 213
2.01587 159 242
2.01587 159 244
2.01587 160 15
2.01587 160 142
2.01587 160 151
2.01587 160 195
2.01587 160 247
2.01587 161 25
2.01587 161 36
2.01587 161 172
2.01587 161 174
2.01587 161 189
2.01587 161 193
2.01587 161 217
2.01587 161 239
2.01587 162 145
2.01587 162 179
2.01587 162 181
2.01587 162 185
2.01587 162 222
2.01587 163 172
2.01587 163 189
2.01587 163 199
2.01587 163 231
2.01587 164 145
2.01587 164 156
2.01587 164 235
2.01587 165 153
2.01587 165 172
2.01587 165 189
2.01587 165 223
2.01587 166 40
2.01587 166 200
2.01587 166 237
2.01587 166 247
2.01587 167 4
2.01587 167 6
2.01587 167 10
2.01587 167 12
2.01587 167 132
2.01587 167 145
2.01587 167 166
2.01587 167 172
2.01587 167 174
2.01587 167 177
2.01587 167 198
2.01587 167 223
2.01587 168 2
2.01587 168 19
2.01587 168 218
2.01587 168 231
2.01587 169 28
2.01587 169 117
2.01587 169 134
2.01587 169 137
2.01587 169 147
2.01587 169 149
2.01587 169 152
2.01587 169 158
2.01587 169 211
2.01587 170 6
2.01587 170 182
2.01587 170 233
2.01587 171 4
2.01587 171 25
2.01587 171 108
2.01587 171 114
2.01587 171 120
2.01587 171 142
2.01587 171 148
2.01587 171 160
2.01587 171 180
2.01587 171 189
2.01587 171 214
2.01587 171 219
2.01587 172 171
2.01587 173 46
2.01587 173 134
2.01587 173 152
2.01587 173 180
2.01587 173 188
2.01587 174 29
2.01587 174 100
2.01587 174 108
2.01587 174 114
2.01587 174 116
2.01587 174 141
2.01587 174 155
2.01587 174 157
2.01587 175 15
2.01587 175 63
2.01587 175 176
2.01587 175 181
2.01587 176 6
2.01587 176 8
2.01587 176 158
2.01587 176 167
2.01587 176 187
2.01587 176 241
2.01587 177 2
2.01587 177 98
2.01587 177 141
2.01587 178 24
2.01587 178 109
2.01587 178 148
2.01587 178 152
2.01587 178 156
2.01587 178 162
2.01587 178 188
2.01587 179 14
2.01587 179 111
2.01587 179 116
2.01587 179 129
2.01587 179 221
2.01587 179 243
2.01587 180 6
2.01587 180 50
2.01587 180 107
2.01587 180 148
2.01587 180 237
2.01587 180 252
2.01587 181 88
2.01587 181 121
2.01587 181 126
2.01587 181 161
2.01587 181 192
2.01587 181 244
2.01587 181 250
2.01587 182 72
2.01587 182 96
2.01587 182 102
2.01587 182 147
2.01587 182 152
2.01587 182 184
2.01587 182 206
2.01587 182 213
2.01587 182 219
2.01587 182 246
2.01587 183 6
2.01587 183 14
2.01587 183 76
2.01587 183 198
2.01587 184 25
2.01587 184 97
2.01587 184 156
2.01587 184 170
2.01587 184 183
2.01587 185 14
2.01587 185 107
2.01587 185 120
2.01587 185 124
2.01587 185 150
2.01587 185 162
2.01587 185 193
2.01587 185 205
2.01587 185 225
2.01587 186 137
2.01587 186 184
2.01587 187 67
2.01587 187 73
2.01587 187 126
2.01587 187 187
2.01587 187 192
2.01587 187 194
2.01587 187 202
2.01587 188 26
2.01587 188 44
2.01587 188 130
2.01587 188 132
2.01587 188 135
2.01587 188 138
2.01587 189 73
2.01587 189 112
2.01587 189 145
2.01587 189 151
2.01587 190 229
2.01587 190 231
2.53984 1 13
2.53984 1 40
2.53984 1 42
2.53984 1 126
2.53984 1 146
2.53984 2 5
2.53984 2 21
2.53984 2 26
2.53984 2 29
2.53984 2 73
2.53984 2 83
2.53984 2 153
2.53984 3 43
2.53984 3 51
2.53984 3 81
2.53984 3 102
2.53984 3 119
2.53984 3 123
2.53984 4 3
2.53984 4 146
2.53984 5 34
2.53984 5 44
2.53984 5 75
2.53984 5 88
2.53984 5 91
2.53984 5 95
2.53984 5 100
2.53984 5 103
2.53984 5 108
2.53984 5 132
2.53984 5 136
2.53984 5 139
2.53984 5 144
2.53984 5 156
2.53984 6 40
2.53984 6 49
2.53984 6 52
2.53984 6 55
2.53984 6 62
2.53984 6 118
2.53984 6 123
2.53984 7 17
2.53984 7 34
2.53984 7 37
2.53984 7 57
2.53984 7 82
2.53984 7 86
2.53984 7 134
2.53984 7 140
2.53984 7 149
2.53984 7 153
2.53984 8 49
2.53984 8 110
2.53984 9 71
2.53984 9 74
2.53984 9 77
2.53984 9 79
2.53984 9 113
2.53984 9 118
2.53984 9 126
2.53984 9 129
2.53984 9 132
2.53984 9 169
2.53984 10 12
2.53984 10 43
2.53984 10 45
2.53984 10 49
2.53984 10 61
2.53984 10 63
2.53984 10 65
2.53984 10 85
2.53984 10 96
2.53984 10 102
2.53984 10 115
2.53984 10 146
2.53984 10 163
2.53984 11 144
2.53984 12 22
2.53984 12 29
2.53984 12 45
2.53984 12 87
2.53984 12 129
2.53984 12 148
2.53984 13 34
2.53984 13 37
2.53984 13 58
2.53984 13 164
2.53984 14 11
2.53984 14 28
2.53984 14 47
2.53984 14 69
2.53984 14 71
2.53984 14 73
2.53984 14 77
2.53984 14 167
2.53984 15 22
2.53984 15 24
2.53984 15 26
2.53984 15 51
2.53984 15 54
2.53984 15 138
2.53984 15 161
2.53984 15 164
2.53984 16 80
2.53984 16 134
2.53984 16 136
2.53984 17 44
2.53984 17 46
2.53984 18 2
2.53984 18 22
2.53984 18 105
2.53984 18 145
2.53984 18 157
2.53984 18 159
2.53984 18 161
2.53984 18 163
2.53984 18 165
2.53984 19 35
2.53984 19 52
2.53984 19 78
2.53984 19 90
2.53984 19 102
2.53984 19 127
2.53984 19 149
2.53984 20 9
2.53984 20 21
2.53984 20 29
2.53984 20 107
2.53984 20 171
2.53984 21 32
2.53984 21 37
2.53984 21 51
2.53984 21 54
2.53984 21 73
2.53984 21 80
2.53984 21 153
2.53984 21 157
2.53984 21 179
2.53984 22 16
2.53984 22 125
2.53984 22 132
2.53984 22 147
2.53984 22 151
2.53984 23 29
2.53984 23 31
2.53984 23 39
2.53984 23 52
2.53984 23 160
2.53984 23 163
2.53984 24 152
2.53984 24 166
2.53984 25 7
2.53984 25 11
2.53984 25 38
2.53984 25 60
2.53984 25 146
2.53984 26 2
2.53984 26 117
2.53984 26 119
2.53984 26 139
2.53984 26 142
2.53984 26 144
2.53984 26 150
2.53984 26 161
2.53984 26 171
2.53984 27 16
2.53984 27 30
2.53984 28 69
2.53984 28 158
2.53984 29 10
2.53984 29 18
2.53984 29 36
2.53984 29 40
2.53984 29 43
2.53984 29 120
2.53984 29 162
2.53984 29 166
2.53984 30 7
2.53984 30 30
2.53984 30 52
2.53984 30 54
2.53984 30 56
2.53984 30 71
2.53984 30 115
2.53984 30 139
2.53984 30 150
2.53984 30 152
2.53984 31 3
2.53984 31 5
2.53984 31 11
2.53984 31 34
2.53984 31 76
2.53984 31 88
2.53984 31 110
2.53984 31 136
2.53984 31 142
2.53984 32 15
2.53984 32 20
2.53984 32 37
2.53984 32 48
2.53984 32 157
2.53984 33 42
2.53984 33 79
2.53984 33 81
2.53984 33 112
2.53984 34 3
2.53984 34 22
2.53984 34 24
2.53984 34 26
2.53984 34 44
2.53984 34 107
2.53984 34 146
2.53984 34 151
2.53984 34 154
2.53984 34 160
2.53984 35 1
2.53984 35 18
2.53984 35 72
2.53984 35 116
2.53984 35 128
2.53984 35 141
2.53984 36 38
2.53984 36 41
2.53984 36 86
2.53984 36 88
2.53984 37 3
2.53984 37 103
2.53984 38 20
2.53984 38 22
2.53984 38 32
2.53984 38 42
2.53984 38 127
2.53984 38 129
2.53984 38 138
2.53984 39 11
2.53984 39 18
2.53984 39 150
2.53984 40 16
2.53984 40 36
2.53984 40 39
2.53984 40 82
2.53984 40 114
2.53984 40 119
2.53984 41 22
2.53984 41 102
2.53984 41 112
2.53984 41 117
2.53984 41 123
2.53984 41 133
2.53984 41 152
2.53984 42 35
2.53984 42 38
2.53984 42 138
2.53984 42 143
2.53984 43 13
2.53984 43 24
2.53984 43 30
2.53984 43 112
2.53984 43 114
2.53984 43 149
2.53984 44 85
2.53984 44 121
2.53984 44 139
2.53984 45 8
2.53984 45 42
2.53984 45 80
2.53984 45 97
2.53984 45 118
2.53984 45 142
2.53984 46 12
2.53984 46 23
2.53984 46 72
2.53984 46 134
2.53984 47 3
2.53984 47 7
2.53984 47 17
2.53984 47 42
2.53984 47 76
2.53984 47 79
2.53984 47 104
2.53984 47 123
2.53984 47 127
2.53984 47 136
2.53984 48 100
2.53984 48 106
2.53984 48 109
2.53984 48 111
2.53984 48 113
2.53984 49 123
2.53984 49 130
2.53984 49 132
2.53984 49 135
2.53984 50 18
2.53984 50 34
2.53984 50 36
2.53984 50 44
2.53984 50 46
2.53984 50 102
2.53984 50 107
2.53984 50 117
2.53984 51 8
2.53984 51 79
2.53984 52 24
2.53984 52 27
2.53984 52 32
2.53984 52 45
2.53984 52 76
2.53984 52 104
2.53984 52 117
2.53984 53 50
2.53984 53 97
2.53984 54 26
2.53984 54 80
2.53984 54 116
2.53984 54 128
2.53984 54 130
2.53984 55 9
2.53984 55 11
2.53984 55 33
2.53984 55 36
2.53984 55 74
2.53984 55 94
2.53984 55 102
2.53984 55 114
2.53984 56 7
2.53984 56 78
2.53984 56 100
2.53984 56 117
2.53984 57 26
2.53984 57 33
2.53984 57 74
2.53984 58 89
2.53984 58 97
2.53984 58 122
2.53984 59 6
2.53984 59 27
2.53984 59 33
2.53984 59 41
2.53984 60 65
2.53984 60 80
2.53984 61 12
2.53984 61 15
2.53984 61 53
2.53984 61 68
2.53984 61 91
2.53984 61 111
2.53984 62 88
2.53984 63 26
2.53984 63 36
2.53984 63 64
2.53984 63 68
2.53984 64 33
2.53984 64 60
2.53984 64 70
2.53984 64 90
2.53984 64 102
2.53984 64 104
2.53984 64 107
2.53984 65 28
2.53984 65 53
2.53984 65 66
2.53984 65 88
2.53984 66 2
2.53984 66 24
2.53984 66 48
2.53984 66 58
2.53984 66 60
2.53984 66 73
2.53984 66 76
2.53984 67 9
2.53984 67 12
2.53984 67 16
2.53984 67 56
2.53984 67 85
2.53984 67 87
2.53984 67 108
2.53984 67 115
2.53984 68 22
2.53984 68 70
2.53984 68 82
2.53984 69 32
2.53984 70 12
2.53984 70 19
2.53984 70 22
2.53984 70 29
2.53984 70 68
2.53984 70 90
2.53984 70 93
2.53984 70 99
2.53984 70 101
2.53984 71 4
2.53984 71 59
2.53984 71 103
2.53984 72 77
2.53984 72 79
2.53984 72 84
2.53984 72 99
2.53984 72 101
2.53984 73 50
2.53984 73 57
2.53984 73 60
2.53984 73 105
2.53984 74 15
2.53984 74 54
2.53984 74 64
2.53984 75 12
2.53984 75 101
2.53984 75 254
2.53984 77 4
2.53984 77 19
2.53984 77 63
2.53984 77 71
2.53984 77 93
2.53984 78 12
2.53984 78 25
2.53984 78 48
2.53984 78 58
2.53984 78 85
2.53984 79 9
2.53984 79 72
2.53984 79 97
2.53984 80 3
2.53984 80 7
2.53984 80 54
2.53984 80 82
2.53984 81 48
2.53984 82 45
2.53984 82 50
2.53984 83 18
2.53984 83 55
2.53984 83 89
2.53984 83 92
2.53984 84 35
2.53984 84 58
2.53984 84 65
2.53984 85 5
2.53984 85 10
2.53984 85 90
2.53984 86 27
2.53984 86 42
2.53984 87 36
2.53984 88 31
2.53984 88 43
2.53984 88 246
2.53984 88 252
2.53984 90 23
2.53984 90 28
2.53984 90 43
2.53984 90 53
2.53984 90 80
2.53984 92 41
2.53984 92 51
2.53984 92 55
2.53984 93 28
2.53984 93 49
2.53984 94 10
2.53984 94 21
2.53984 95 3
2.53984 95 5
2.53984 95 8
2.53984 95 28
2.53984 95 30
2.53984 95 57
2.53984 95 242
2.53984 95 245
2.53984 96 39
2.53984 96 49
2.53984 97 3
2.53984 97 5
2.53984 97 7
2.53984 97 36
2.53984 98 18
2.53984 98 45
2.53984 98 245
2.53984 99 3
2.53984 99 5
2.53984 99 23
2.53984 99 49
2.53984 100 12
2.53984 100 20
2.53984 100 37
2.53984 100 248
2.53984 101 14
2.53984 101 45
2.53984 101 47
2.53984 101 50
2.53984 101 68
2.53984 102 2
2.53984 102 8
2.53984 103 61
2.53984 103 64
2.53984 103 249
2.53984 104 30
2.53984 104 40
2.53984 104 55
2.53984 105 5
2.53984 105 9
2.53984 105 11
2.53984 105 35
2.53984 105 57
2.53984 106 2
2.53984 106 43
2.53984 106 50
2.53984 107 11
2.53984 107 15
2.53984 107 23
2.53984 107 52
2.53984 107 242
2.53984 108 8
2.53984 108 25
2.53984 108 37
2.53984 108 250
2.53984 109 20
2.53984 109 254
2.53984 110 6
2.53984 110 8
2.53984 110 10
2.53984 110 12
2.53984 110 22
2.53984 110 30
2.53984 110 35
2.53984 110 53
2.53984 110 249
2.53984 112 21
2.53984 112 41
2.53984 112 248
2.53984 113 1
2.53984 113 3
2.53984 113 5
2.53984 113 7
2.53984 113 43
2.53984 113 49
2.53984 113 243
2.53984 114 231
2.53984 115 3
2.53984 115 13
2.53984 115 35
2.53984 115 43
2.53984 115 239
2.53984 116 37
2.53984 116 39
2.53984 116 253
2.53984 117 30
2.53984 117 232
2.53984 117 242
2.53984 118 3
2.53984 118 27
2.53984 118 221
2.53984 118 226
2.53984 118 237
2.53984 118 240
2.53984 118 253
2.53984 119 251
2.53984 120 18
2.53984 120 31
2.53984 121 23
2.53984 122 10
2.53984 122 44
2.53984 122 213
2.53984 122 215
2.53984 122 218
2.53984 122 223
2.53984 122 248
2.53984 122 252
2.53984 123 32
2.53984 123 34
2.53984 123 37
2.53984 124 222
2.53984 124 225
2.53984 124 234
2.53984 124 240
2.53984 124 246
2.53984 125 17
2.53984 125 33
2.53984 125 36
2.53984 125 38
2.53984 125 214
2.53984 125 231
2.53984 126 20
2.53984 126 238
2.53984 126 241
2.53984 126 244
2.53984 127 40
2.53984 127 42
2.53984 127 211
2.53984 127 229
2.53984 127 233
2.53984 128 23
2.53984 128 252
2.53984 129 17
2.53984 129 50
2.53984 130 217
2.53984 130 219
2.53984 130 228
2.53984 131 32
2.53984 131 36
2.53984 131 204
2.53984 131 230
2.53984 132 29
2.53984 132 191
2.53984 132 199
2.53984 132 208
2.53984 132 211
2.53984 133 188
2.53984 133 206
2.53984 134 199
2.53984 134 222
2.53984 134 236
2.53984 134 238
2.53984 135 39
2.53984 135 197
2.53984 135 211
2.53984 136 181
2.53984 136 188
2.53984 136 190
2.53984 136 201
2.53984 136 235
2.53984 137 11
2.53984 137 204
2.53984 137 207
2.53984 137 231
2.53984 138 9
2.53984 138 226
2.53984 138 236
2.53984 139 185
2.53984 139 187
2.53984 139 200
2.53984 139 203
2.53984 139 207
2.53984 139 210
2.53984 139 220
2.53984 139 233
2.53984 140 10
2.53984 140 190
2.53984 140 222
2.53984 140 227
2.53984 141 2
2.53984 141 18
2.53984 141 32
2.53984 141 182
2.53984 141 196
2.53984 141 201
2.53984 142 27
2.53984 142 33
2.53984 142 185
2.53984 142 220
2.53984 143 16
2.53984 143 19
2.53984 143 22
2.53984 143 213
2.53984 143 244
2.53984 144 164
2.53984 144 166
2.53984 144 190
2.53984 144 250
2.53984 145 201
2.53984 145 234
2.53984 146 2
2.53984 146 195
2.53984 146 202
2.53984 146 209
2.53984 146 238
2.53984 146 241
2.53984 146 243
2.53984 146 245
2.53984 147 159
2.53984 147 172
2.53984 147 175
2.53984 147 201
2.53984 147 216
2.53984 147 220
2.53984 148 164
2.53984 149 13
2.53984 149 201
2.53984 149 210
2.53984 149 236
2.53984 150 6
2.53984 150 8
2.53984 150 10
2.53984 150 16
2.53984 150 151
2.53984 150 180
2.53984 150 185
2.53984 150 195
2.53984 150 197
2.53984 150 220
2.53984 150 229
2.53984 151 23
2.53984 151 148
2.53984 151 162
2.53984 151 226
2.53984 152 32
2.53984 152 156
2.53984 152 165
2.53984 152 194
2.53984 152 207
2.53984 152 215
2.53984 152 241
2.53984 153 174
2.53984 153 183
2.53984 153 189
2.53984 153 201
2.53984 153 245
2.53984 154 155
2.53984 154 171
2.53984 154 180
2.53984 154 196
2.53984 154 232
2.53984 155 3
2.53984 155 7
2.53984 155 9
2.53984 155 11
2.53984 155 13
2.53984 155 16
2.53984 155 140
2.53984 155 239
2.53984 155 248
2.53984 156 20
2.53984 156 145
2.53984 156 156
2.53984 156 162
2.53984 156 183
2.53984 156 195
2.53984 156 211
2.53984 156 219
2.53984 156 223
2.53984 156 234
2.53984 157 201
2.53984 158 1
2.53984 158 184
2.53984 158 248
2.53984 159 23
2.53984 159 159
2.53984 159 230
2.53984 160 142
2.53984 160 145
2.53984 160 148
2.53984 160 174
2.53984 160 200
2.53984 160 219
2.53984 161 128
2.53984 161 133
2.53984 161 177
2.53984 161 181
2.53984 161 189
2.53984 161 204
2.53984 161 209
2.53984 161 250
2.53984 162 3
2.53984 162 7
2.53984 162 16
2.53984 162 185
2.53984 162 235
2.53984 163 20
2.53984 163 24
2.53984 163 133
2.53984 163 154
2.53984 163 172
2.53984 163 174
2.53984 163 203
2.53984 163 238
2.53984 163 243
2.53984 164 1
2.53984 164 17
2.53984 164 145
2.53984 164 147
2.53984 164 169
2.53984 164 177
2.53984 164 249
2.53984 165 120
2.53984 165 189
2.53984 166 14
2.53984 166 128
2.53984 166 132
2.53984 166 195
2.53984 166 199
2.53984 167 6
2.53984 167 24
2.53984 167 115
2.53984 167 124
2.53984 167 140
2.53984 167 172
2.53984 168 1
2.53984 168 112
2.53984 168 236
2.53984 169 33
2.53984 169 38
2.53984 169 45
2.53984 169 152
2.53984 169 167
2.53984 169 195
2.53984 169 248
2.53984 170 1
2.53984 170 8
2.53984 170 43
2.53984 170 204
2.53984 170 206
2.53984 170 215
2.53984 171 11
2.53984 171 34
2.53984 171 49
2.53984 171 116
2.53984 171 120
2.53984 171 128
2.53984 171 132
2.53984 171 140
2.53984 171 142
2.53984 171 170
2.53984 171 176
2.53984 171 180
2.53984 171 197
2.53984 171 203
2.53984 171 210
2.53984 171 217
2.53984 171 227
2.53984 172 28
2.53984 172 30
2.53984 172 130
2.53984 172 193
2.53984 172 209
2.53984 172 249
2.53984 172 253
2.53984 173 34
2.53984 173 44
2.53984 173 46
2.53984 173 104
2.53984 173 137
2.53984 173 180
2.53984 173 188
2.53984 173 206
2.53984 173 229
2.53984 174 37
2.53984 174 100
2.53984 174 110
2.53984 174 112
2.53984 174 129
2.53984 174 213
2.53984 175 148
2.53984 175 193
2.53984 175 206
2.53984 175 216
2.53984 175 254
2.53984 176 46
2.53984 176 171
2.53984 176 202
2.53984 177 16
2.53984 177 28
2.53984 177 32
2.53984 177 92
2.53984 177 141
2.53984 177 167
2.53984 177 175
2.53984 178 18
2.53984 178 37
2.53984 178 109
2.53984 178 190
2.53984 178 203
2.53984 178 251
2.53984 178 253
2.53984 179 2
2.53984 179 33
2.53984 179 101
2.53984 179 114
2.53984 179 166
2.53984 179 215
2.53984 180 38
2.53984 180 43
2.53984 180 86
2.53984 180 92
2.53984 180 228
2.53984 181 9
2.53984 181 51
2.53984 181 90
2.53984 181 104
2.53984 181 147
2.53984 182 65
2.53984 182 132
2.53984 182 190
2.53984 182 192
2.53984 182 207
2.53984 183 23
2.53984 183 27
2.53984 183 49
2.53984 183 78
2.53984 183 89
2.53984 183 99
2.53984 183 144
2.53984 184 25
2.53984 184 59
2.53984 184 244
2.53984 185 4
2.53984 185 36
2.53984 185 71
2.53984 185 105
2.53984 186 2
2.53984 187 125
2.53984 187 131
2.53984 187 137
2.53984 187 172
2.53984 188 19
2.53984 188 33
2.53984 188 52
2.53984 188 57
2.53984 188 155
2.53984 188 174
2.53984 189 13
2.53984 189 29
2.53984 189 62
2.53984 189 64
2.53984 189 84
2.53984 189 98
2.53984 189 151
2.53984 190 9
2.53984 190 42
2.53984 190 53
2.53984 190 127
2.53984 190 171
2.53984 190 185
2.53984 190 198
2.53984 190 211
3.2 1 3
3.2 1 19
3.2 1 39
3.2 1 54
3.2 1 90
3.2 1 113
3.2 1 121
3.2 2 64
3.2 2 94
3.2 2 141
3.2 2 166
3.2 3 22
3.2 3 37
3.2 3 60
3.2 3 91
3.2 3 99
3.2 3 136
3.2 3 145
3.2 3 160
3.2 4 71
3.2 4 73
3.2 4 77
3.2 5 17
3.2 5 25
3.2 5 46
3.2 5 58
3.2 5 60
3.2 5 85
3.2 5 89
3.2 5 91
3.2 5 97
3.2 5 99
3.2 5 103
3.2 5 116
3.2 5 118
3.2 5 120
3.2 5 130
3.2 5 132
3.2 6 28
3.2 6 49
3.2 6 108
3.2 6 151
3.2 7 46
3.2 7 56
3.2 7 62
3.2 7 66
3.2 7 69
3.2 7 75
3.2 7 78
3.2 7 114
3.2 8 24
3.2 8 94
3.2 8 147
3.2 9 4
3.2 9 78
3.2 9 88
3.2 9 132
3.2 10 11
3.2 10 43
3.2 10 49
3.2 10 63
3.2 10 67
3.2 10 74
3.2 10 85
3.2 10 95
3.2 10 102
3.2 10 118
3.2 10 126
3.2 10 136
3.2 10 138
3.2 10 142
3.2 10 169
3.2 11 145
3.2 12 9
3.2 12 19
3.2 12 22
3.2 12 48
3.2 12 94
3.2 12 126
3.2 12 148
3.2 13 52
3.2 13 54
3.2 13 64
3.2 13 68
3.2 13 84
3.2 13 118
3.2 14 49
3.2 14 61
3.2 14 91
3.2 14 98
3.2 14 102
3.2 14 106
3.2 15 26
3.2 15 36
3.2 15 39
3.2 15 43
3.2 15 46
3.2 15 51
3.2 15 83
3.2 15 110
3.2 15 124
3.2 15 158
3.2 15 161
3.2 16 4
3.2 16 33
3.2 17 65
3.2 17 70
3.2 17 74
3.2 18 42
3.2 18 49
3.2 18 92
3.2 18 100
3.2 18 107
3.2 18 110
3.2 18 123
3.2 18 138
3.2 18 163
3.2 18 165
3.2 19 14
3.2 19 35
3.2 19 37
3.2 19 52
3.2 19 66
3.2 19 78
3.2 19 133
3.2 20 26
3.2 20 29
3.2 20 42
3.2 20 44
3.2 20 84
3.2 20 94
3.2 20 99
3.2 20 101
3.2 20 107
3.2 20 127
3.2 20 171
3.2 21 17
3.2 21 56
3.2 21 79
3.2 21 90
3.2 21 115
3.2 21 154
3.2 21 164
3.2 21 166
3.2 22 45
3.2 22 84
3.2 22 88
3.2 22 97
3.2 22 138
3.2 22 151
3.2 22 170
3.2 23 27
3.2 23 30
3.2 23 51
3.2 23 64
3.2 23 68
3.2 23 73
3.2 23 76
3.2 23 116
3.2 23 160
3.2 23 165
3.2 24 14
3.2 24 22
3.2 24 25
3.2 24 33
3.2 24 40
3.2 24 44
3.2 24 46
3.2 24 99
3.2 24 122
3.2 24 140
3.2 24 152
3.2 25 11
3.2 25 50
3.2 25 60
3.2 25 66
3.2 25 68
3.2 25 75
3.2 25 84
3.2 25 86
3.2 25 94
3.2 26 71
3.2 26 78
3.2 26 88
3.2 26 107
3.2 26 129
3.2 26 144
3.2 26 146
3.2 26 150
3.2 26 166
3.2 27 18
3.2 27 30
3.2 27 34
3.2 27 36
3.2 27 38
3.2 27 46
3.2 27 56
3.2 27 95
3.2 27 105
3.2 27 110
3.2 27 155
3.2 28 9
3.2 28 24
3.2 28 75
3.2 28 77
3.2 28 84
3.2 28 88
3.2 28 108
3.2 28 112
3.2 29 51
3.2 29 55
3.2 29 67
3.2 29 73
3.2 29 102
3.2 29 104
3.2 30 7
3.2 30 77
3.2 30 81
3.2 30 83
3.2 30 85
3.2 30 87
3.2 30 89
3.2 30 113
3.2 30 115
3.2 30 143
3.2 30 150
3.2 30 152
3.2 30 158
3.2 31 3
3.2 31 72
3.2 31 122
3.2 31 156
3.2 31 163
3.2 32 29
3.2 32 52
3.2 32 99
3.2 32 116
3.2 33 5
3.2 33 40
3.2 33 42
3.2 33 46
3.2 33 84
3.2 33 111
3.2 34 75
3.2 34 104
3.2 34 147
3.2 34 150
3.2 34 154
3.2 35 18
3.2 35 29
3.2 35 68
3.2 35 90
3.2 35 92
3.2 35 117
3.2 35 119
3.2 35 121
3.2 35 128
3.2 36 27
3.2 36 32
3.2 36 34
3.2 36 40
3.2 36 44
3.2 36 48
3.2 36 52
3.2 36 54
3.2 36 83
3.2 36 95
3.2 36 100
3.2 37 6
3.2 37 13
3.2 37 17
3.2 37 56
3.2 37 59
3.2 37 66
3.2 37 74
3.2 37 91
3.2 37 152
3.2 38 42
3.2 38 76
3.2 38 83
3.2 38 108
3.2 38 110
3.2 38 116
3.2 38 143
3.2 38 146
3.2 38 150
3.2 39 11
3.2 39 34
3.2 39 59
3.2 39 99
3.2 39 113
3.2 39 119
3.2 39 121
3.2 40 30
3.2 40 32
3.2 40 42
3.2 40 75
3.2 40 84
3.2 40 106
3.2 41 35
3.2 42 54
3.2 42 67
3.2 42 84
3.2 42 91
3.2 42 115
3.2 42 117
3.2 42 121
3.2 42 125
3.2 42 128
3.2 42 144
3.2 43 10
3.2 43 23
3.2 43 27
3.2 43 38
3.2 43 50
3.2 43 57
3.2 43 59
3.2 43 65
3.2 43 107
3.2 43 110
3.2 44 36
3.2 44 43
3.2 44 88
3.2 45 41
3.2 45 58
3.2 45 82
3.2 45 120
3.2 45 123
3.2 45 125
3.2 45 127
3.2 45 143
3.2 46 4
3.2 46 25
3.2 46 29
3.2 46 34
3.2 46 50
3.2 46 52
3.2 46 66
3.2 46 84
3.2 46 87
3.2 46 91
3.2 46 110
3.2 46 115
3.2 46 117
3.2 46 129
3.2 47 7
3.2 47 31
3.2 47 57
3.2 47 63
3.2 47 76
3.2 47 103
3.2 48 39
3.2 48 109
3.2 48 139
3.2 49 10
3.2 49 22
3.2 49 49
3.2 49 56
3.2 49 58
3.2 49 62
3.2 49 67
3.2 49 79
3.2 49 114
3.2 49 125
3.2 49 127
3.2 50 6
3.2 50 20
3.2 50 25
3.2 50 28
3.2 50 34
3.2 50 36
3.2 50 40
3.2 50 42
3.2 50 69
3.2 50 104
3.2 50 117
3.2 52 20
3.2 52 40
3.2 53 14
3.2 53 37
3.2 53 66
3.2 53 82
3.2 53 92
3.2 53 96
3.2 53 98
3.2 53 101
3.2 54 26
3.2 54 85
3.2 55 17
3.2 55 19
3.2 55 23
3.2 55 34
3.2 55 46
3.2 55 58
3.2 55 69
3.2 55 71
3.2 55 88
3.2 55 102
3.2 55 114
3.2 55 116
3.2 55 129
3.2 56 49
3.2 56 53
3.2 56 63
3.2 56 100
3.2 57 26
3.2 57 33
3.2 57 78
3.2 57 91
3.2 58 24
3.2 58 52
3.2 58 58
3.2 58 89
3.2 58 104
3.2 59 15
3.2 59 18
3.2 59 26
3.2 59 65
3.2 59 68
3.2 59 72
3.2 59 79
3.2 59 84
3.2 59 110
3.2 60 8
3.2 60 50
3.2 60 76
3.2 60 92
3.2 60 102
3.2 60 122
3.2 61 4
3.2 61 19
3.2 61 22
3.2 61 41
3.2 61 48
3.2 61 62
3.2 61 105
3.2 61 111
3.2 61 113
3.2 62 29
3.2 62 51
3.2 62 56
3.2 62 75
3.2 63 26
3.2 63 64
3.2 63 105
3.2 63 118
3.2 64 14
3.2 64 40
3.2 64 46
3.2 64 60
3.2 64 70
3.2 64 75
3.2 64 90
3.2 64 111
3.2 65 27
3.2 65 54
3.2 66 24
3.2 66 42
3.2 66 58
3.2 66 61
3.2 66 84
3.2 66 107
3.2 67 10
3.2 67 29
3.2 67 33
3.2 67 71
3.2 67 90
3.2 68 37
3.2 68 69
3.2 68 77
3.2 68 82
3.2 69 1
3.2 69 7
3.2 69 46
3.2 69 101
3.2 70 62
3.2 70 68
3.2 71 1
3.2 71 19
3.2 71 26
3.2 71 37
3.2 71 71
3.2 71 94
3.2 71 103
3.2 72 82
3.2 72 98
3.2 73 43
3.2 73 47
3.2 74 64
3.2 74 66
3.2 74 68
3.2 75 18
3.2 75 37
3.2 75 71
3.2 75 75
3.2 75 77
3.2 75 95
3.2 75 253
3.2 76 6
3.2 76 86
3.2 77 15
3.2 77 63
3.2 77 68
3.2 77 241
3.2 78 38
3.2 78 60
3.2 78 248
3.2 79 18
3.2 79 63
3.2 79 245
3.2 80 82
3.2 80 85
3.2 80 94
3.2 80 248
3.2 81 37
3.2 81 50
3.2 81 69
3.2 81 242
3.2 82 24
3.2 82 45
3.2 82 60
3.2 83 4
3.2 83 41
3.2 83 238
3.2 84 76
3.2 85 52
3.2 85 253
3.2 86 2
3.2 86 47
3.2 86 55
3.2 86 68
3.2 86 80
3.2 87 35
3.2 87 59
3.2 88 24
3.2 88 39
3.2 88 41
3.2 88 43
3.2 88 56
3.2 88 75
3.2 88 242
3.2 89 26
3.2 90 17
3.2 90 35
3.2 91 30
3.2 92 39
3.2 92 41
3.2 92 43
3.2 92 249
3.2 93 7
3.2 93 34
3.2 93 49
3.2 93 70
3.2 93 247
3.2 94 39
3.2 94 66
3.2 94 73
3.2 95 26
3.2 95 57
3.2 95 70
3.2 95 249
3.2 96 8
3.2 96 16
3.2 96 22
3.2 97 5
3.2 97 19
3.2 97 28
3.2 97 32
3.2 97 60
3.2 97 65
3.2 97 253
3.2 98 1
3.2 98 68
3.2 99 3
3.2 99 23
3.2 99 25
3.2 99 29
3.2 99 41
3.2 99 45
3.2 99 49
3.2 99 51
3.2 99 251
3.2 100 64
3.2 101 8
3.2 101 11
3.2 101 45
3.2 102 40
3.2 103 57
3.2 103 247
3.2 103 252
3.2 104 15
3.2 104 17
3.2 104 21
3.2 104 40
3.2 104 45
3.2 105 7
3.2 105 29
3.2 105 54
3.2 106 1
3.2 106 43
3.2 106 50
3.2 106 250
3.2 107 36
3.2 108 2
3.2 109 20
3.2 109 26
3.2 109 30
3.2 109 34
3.2 109 246
3.2 110 10
3.2 110 38
3.2 112 24
3.2 112 30
3.2 112 41
3.2 113 3
3.2 113 5
3.2 113 43
3.2 114 252
3.2 115 15
3.2 116 39
3.2 116 250
3.2 117 14
3.2 117 234
3.2 118 236
3.2 118 240
3.2 120 236
3.2 120 249
3.2 121 22
3.2 121 30
3.2 122 224
3.2 122 227
3.2 122 230
3.2 122 236
3.2 122 238
3.2 123 11
3.2 123 19
3.2 123 21
3.2 123 23
3.2 123 51
3.2 124 2
3.2 124 26
3.2 125 30
3.2 125 36
3.2 125 251
3.2 126 1
3.2 126 5
3.2 126 13
3.2 126 216
3.2 127 10
3.2 127 28
3.2 127 36
3.2 127 65
3.2 127 67
3.2 127 210
3.2 127 218
3.2 127 220
3.2 127 223
3.2 127 225
3.2 127 233
3.2 127 244
3.2 128 5
3.2 128 236
3.2 128 238
3.2 129 28
3.2 129 207
3.2 129 211
3.2 130 50
3.2 130 214
3.2 130 219
3.2 130 221
3.2 131 14
3.2 131 19
3.2 131 204
3.2 131 223
3.2 131 231
3.2 132 17
3.2 132 22
3.2 132 31
3.2 132 60
3.2 132 208
3.2 132 210
3.2 132 214
3.2 132 236
3.2 133 49
3.2 133 218
3.2 134 14
3.2 134 17
3.2 134 20
3.2 134 23
3.2 134 32
3.2 134 58
3.2 134 210
3.2 134 231
3.2 134 238
3.2 134 246
3.2 134 248
3.2 135 27
3.2 135 36
3.2 135 194
3.2 135 234
3.2 135 240
3.2 136 203
3.2 136 205
3.2 137 3
3.2 137 216
3.2 137 227
3.2 137 231
3.2 137 240
3.2 138 236
3.2 139 18
3.2 139 22
3.2 139 183
3.2 139 187
3.2 139 199
3.2 139 203
3.2 139 216
3.2 139 218
3.2 139 220
3.2 139 248
3.2 140 6
3.2 140 14
3.2 140 33
3.2 140 213
3.2 140 227
3.2 140 233
3.2 140 242
3.2 141 45
3.2 141 206
3.2 141 247
3.2 142 215
3.2 142 224
3.2 143 19
3.2 143 22
3.2 143 36
3.2 143 188
3.2 143 199
3.2 143 217
3.2 143 226
3.2 143 244
3.2 143 253
3.2 144 180
3.2 145 26
3.2 145 237
3.2 145 253
3.2 146 189
3.2 146 205
3.2 146 213
3.2 146 215
3.2 146 243
3.2 147 176
3.2 147 185
3.2 147 224
3.2 147 238
3.2 147 247
3.2 148 241
3.2 148 250
3.2 149 168
3.2 149 201
3.2 149 209
3.2 149 228
3.2 149 244
3.2 149 247
3.2 150 165
3.2 150 173
3.2 150 180
3.2 151 27
3.2 151 159
3.2 151 171
3.2 151 252
3.2 152 180
3.2 152 197
3.2 152 241
3.2 152 244
3.2 153 22
3.2 153 165
3.2 153 186
3.2 153 201
3.2 153 205
3.2 153 207
3.2 153 212
3.2 154 158
3.2 154 175
3.2 154 180
3.2 154 218
3.2 154 228
3.2 155 165
3.2 155 221
3.2 156 158
3.2 156 195
3.2 156 201
3.2 156 213
3.2 157 152
3.2 157 164
3.2 157 185
3.2 157 211
3.2 158 7
3.2 158 11
3.2 158 225
3.2 158 243
3.2 158 246
3.2 158 254
3.2 159 20
3.2 159 163
3.2 159 180
3.2 159 194
3.2 159 230
3.2 160 28
3.2 160 147
3.2 160 166
3.2 160 185
3.2 160 196
3.2 160 206
3.2 160 219
3.2 160 252
3.2 161 4
3.2 161 6
3.2 161 8
3.2 161 12
3.2 161 14
3.2 161 139
3.2 161 141
3.2 161 154
3.2 161 164
3.2 161 177
3.2 161 190
3.2 161 204
3.2 161 250
3.2 162 149
3.2 163 154
3.2 163 163
3.2 163 186
3.2 163 206
3.2 164 1
3.2 164 9
3.2 164 17
3.2 164 29
3.2 164 34
3.2 164 169
3.2 164 214
3.2 164 247
3.2 164 253
3.2 165 36
3.2 165 141
3.2 165 176
3.2 165 224
3.2 166 5
3.2 166 7
3.2 166 9
3.2 166 12
3.2 166 20
3.2 166 29
3.2 166 128
3.2 166 132
3.2 166 234
3.2 166 252
3.2 166 254
3.2 167 27
3.2 167 152
3.2 167 162
3.2 167 179
3.2 167 186
3.2 168 12
3.2 168 188
3.2 169 2
3.2 169 7
3.2 169 32
3.2 169 175
3.2 169 195
3.2 169 223
3.2 169 230
3.2 169 248
3.2 170 10
3.2 170 14
3.2 170 123
3.2 170 211
3.2 171 22
3.2 171 116
3.2 171 126
3.2 171 163
3.2 171 165
3.2 171 168
3.2 171 180
3.2 171 208
3.2 172 8
3.2 172 114
3.2 172 186
3.2 172 190
3.2 172 219
3.2 173 2
3.2 173 6
3.2 173 42
3.2 173 44
3.2 173 251
3.2 174 22
3.2 174 28
3.2 174 110
3.2 174 114
3.2 174 117
3.2 174 122
3.2 174 124
3.2 174 138
3.2 174 142
3.2 174 150
3.2 174 203
3.2 174 208
3.2 174 213
3.2 175 48
3.2 175 187
3.2 175 254
3.2 176 14
3.2 176 46
3.2 176 50
3.2 176 181
3.2 176 238
3.2 177 121
3.2 177 141
3.2 177 165
3.2 178 14
3.2 178 21
3.2 178 50
3.2 178 52
3.2 178 187
3.2 178 220
3.2 179 4
3.2 179 46
3.2 179 54
3.2 179 107
3.2 179 135
3.2 179 140
3.2 179 147
3.2 179 149
3.2 179 168
3.2 179 224
3.2 179 232
3.2 180 6
3.2 180 31
3.2 180 92
3.2 180 130
3.2 180 133
3.2 180 161
3.2 180 164
3.2 180 175
3.2 180 214
3.2 180 219
3.2 181 140
3.2 181 149
3.2 182 2
3.2 182 53
3.2 182 190
3.2 182 237
3.2 183 33
3.2 183 89
3.2 183 144
3.2 183 177
3.2 183 187
3.2 184 2
3.2 184 17
3.2 184 25
3.2 184 150
3.2 185 11
3.2 185 13
3.2 185 68
3.2 185 74
3.2 185 104
3.2 186 85
3.2 186 145
3.2 186 158
3.2 187 95
3.2 187 100
3.2 187 104
3.2 187 114
3.2 187 138
3.2 187 181
3.2 188 6
3.2 188 17
3.2 188 21
3.2 188 23
3.2 188 39
3.2 188 45
3.2 189 8
3.2 189 47
3.2 189 62
3.2 189 70
3.2 189 138
3.2 189 148
3.2 190 103
3.2 190 109
3.2 190 152
4.03175 78 80
4.03175 81 80
4.03175 90 69
5.07968 80 106
5.07968 89 104
5.07968 90 90
5.07968 91 75
6.4 2 43
6.4 2 45
6.4 4 35
6.4 4 43
6.4 5 49
6.4 6 35
6.4 6 43
6.4 6 46
6.4 8 46
6.4 15 41
6.4 17 37
6.4 17 39
6.4 80 95
6.4 87 97
6.4 88 80
6.4 88 91
6.4 90 96
6.4 91 104
6.4 93 104
16.127 12 19
20.3187 19 7
40.6375 8 6
