2.01587 4 423
2.01587 5 34
2.01587 6 416
2.01587 7 351
2.01587 7 405
2.01587 7 428
2.01587 8 341
2.01587 9 407
2.01587 9 409
2.01587 9 413
2.01587 9 415
2.01587 9 425
2.01587 10 339
2.01587 10 348
2.01587 10 391
2.01587 11 325
2.01587 11 334
2.01587 11 352
2.01587 11 399
2.01587 12 288
2.01587 12 344
2.01587 12 346
2.01587 13 333
2.01587 13 335
2.01587 13 351
2.01587 14 393
2.01587 14 414
2.01587 15 347
2.01587 15 349
2.01587 15 412
2.01587 16 337
2.01587 16 340
2.01587 16 381
2.01587 16 384
2.01587 17 333
2.01587 17 347
2.01587 17 365
2.01587 17 368
2.01587 17 373
2.01587 17 388
2.01587 18 321
2.01587 18 327
2.01587 18 335
2.01587 18 338
2.01587 18 340
2.01587 18 342
2.01587 18 377
2.01587 18 383
2.01587 18 399
2.01587 19 352
2.01587 19 375
2.01587 19 388
2.01587 19 416
2.01587 19 419
2.01587 19 424
2.01587 20 314
2.01587 20 343
2.01587 20 347
2.01587 20 349
2.01587 20 368
2.01587 20 422
2.01587 21 304
2.01587 21 325
2.01587 21 335
2.01587 21 340
2.01587 21 353
2.01587 21 375
2.01587 21 397
2.01587 22 307
2.01587 22 313
2.01587 22 319
2.01587 22 379
2.01587 22 381
2.01587 22 419
2.01587 23 309
2.01587 23 328
2.01587 23 352
2.01587 23 366
2.01587 23 374
2.01587 23 397
2.01587 24 306
2.01587 24 311
2.01587 24 316
2.01587 24 336
2.01587 24 343
2.01587 24 361
2.01587 25 297
2.01587 25 304
2.01587 25 389
2.01587 26 318
2.01587 26 371
2.01587 26 374
2.01587 27 333
2.01587 27 339
2.01587 27 342
2.01587 27 387
2.01587 27 395
2.01587 28 326
2.01587 28 365
2.01587 28 379
2.01587 29 279
2.01587 29 281
2.01587 29 285
2.01587 29 303
2.01587 29 305
2.01587 29 315
2.01587 29 335
2.01587 29 342
2.01587 29 359
2.01587 29 376
2.01587 29 386
2.01587 30 277
2.01587 30 340
2.01587 30 356
2.01587 30 361
2.01587 30 474
2.01587 31 322
2.01587 31 342
2.01587 31 384
2.01587 32 290
2.01587 32 330
2.01587 32 351
2.01587 32 371
2.01587 32 373
2.01587 32 379
2.01587 32 418
2.01587 32 472
2.01587 32 476
2.01587 32 493
2.01587 33 272
2.01587 33 361
2.01587 34 292
2.01587 34 340
2.01587 34 343
2.01587 34 357
2.01587 34 498
2.01587 35 327
2.01587 35 362
2.01587 35 365
2.01587 35 418
2.01587 35 451
2.01587 35 481
2.01587 36 332
2.01587 36 342
2.01587 36 367
2.01587 36 377
2.01587 36 400
2.01587 36 403
2.01587 37 298
2.01587 37 486
2.01587 38 310
2.01587 38 330
2.01587 38 332
2.01587 38 499
2.01587 38 505
2.01587 39 288
2.01587 39 298
2.01587 39 326
2.01587 39 426
2.01587 39 434
2.01587 39 481
2.01587 39 487
2.01587 40 301
2.01587 40 312
2.01587 40 369
2.01587 40 377
2.01587 40 500
2.01587 41 330
2.01587 41 352
2.01587 41 357
2.01587 41 392
2.01587 41 398
2.01587 42 285
2.01587 42 290
2.01587 42 293
2.01587 43 347
2.01587 43 370
2.01587 43 392
2.01587 44 327
2.01587 44 333
2.01587 45 383
2.01587 45 386
2.01587 46 376
2.01587 46 380
2.01587 47 369
2.01587 48 324
2.01587 48 344
2.01587 48 349
2.01587 48 353
2.01587 48 375
2.01587 48 380
2.01587 53 75
2.01587 59 75
2.01587 61 461
2.01587 64 472
2.01587 69 21
2.01587 69 269
2.01587 71 16
2.01587 71 19
2.01587 71 21
2.01587 71 507
2.01587 72 11
2.01587 73 5
2.01587 73 437
2.01587 75 495
2.01587 76 501
2.01587 77 97
2.01587 77 455
2.01587 79 5
2.01587 79 239
2.01587 79 444
2.01587 79 448
2.01587 80 450
2.01587 81 222
2.01587 83 364
2.01587 83 404
2.01587 83 501
2.01587 84 418
2.01587 84 459
2.01587 85 334
2.01587 85 383
2.01587 85 484
2.01587 85 503
2.01587 86 218
2.01587 86 299
2.01587 86 458
2.01587 87 220
2.01587 88 230
2.01587 88 352
2.01587 90 242
2.01587 90 244
2.01587 90 305
2.01587 90 444
2.01587 91 68
2.01587 91 450
2.01587 91 459
2.01587 92 368
2.01587 93 344
2.01587 94 246
2.01587 94 283
2.01587 94 465
2.01587 94 467
2.01587 94 469
2.01587 94 471
2.01587 95 365
2.01587 96 60
2.01587 96 399
2.01587 96 403
2.01587 96 458
2.01587 97 57
2.01587 97 196
2.01587 97 283
2.01587 97 356
2.01587 97 380
2.01587 97 407
2.01587 97 415
2.01587 98 291
2.01587 98 373
2.01587 98 422
2.01587 98 440
2.01587 98 457
2.01587 98 464
2.01587 98 482
2.01587 98 502
2.01587 99 356
2.01587 100 181
2.01587 100 293
2.01587 100 405
2.01587 100 412
2.01587 101 18
2.01587 101 422
2.01587 101 468
2.01587 101 472
2.01587 101 478
2.01587 101 506
2.01587 102 133
2.01587 102 203
2.01587 103 9
2.01587 103 232
2.01587 103 420
2.01587 103 439
2.01587 103 468
2.01587 103 508
2.01587 104 149
2.01587 104 219
2.01587 104 258
2.01587 104 451
2.01587 104 453
2.01587 105 231
2.01587 105 449
2.01587 106 62
2.01587 106 69
2.01587 106 222
2.01587 106 302
2.01587 106 309
2.01587 106 455
2.01587 106 488
2.01587 107 59
2.01587 107 93
2.01587 107 254
2.01587 107 369
2.01587 108 53
2.01587 108 55
2.01587 108 297
2.01587 108 301
2.01587 108 362
2.01587 108 448
2.01587 109 12
2.01587 109 19
2.01587 109 84
2.01587 109 504
2.01587 110 48
2.01587 110 76
2.01587 110 240
2.01587 110 254
2.01587 110 260
2.01587 110 294
2.01587 110 297
2.01587 110 338
2.01587 110 340
2.01587 110 446
2.01587 111 69
2.01587 111 224
2.01587 111 280
2.01587 111 364
2.01587 111 385
2.01587 111 505
2.01587 111 509
2.01587 112 85
2.01587 112 215
2.01587 112 219
2.01587 112 246
2.01587 112 313
2.01587 113 28
2.01587 113 171
2.01587 113 225
2.01587 113 240
2.01587 113 256
2.01587 113 265
2.01587 113 268
2.01587 113 305
2.01587 113 460
2.01587 114 70
2.01587 114 281
2.01587 114 284
2.01587 114 301
2.01587 114 347
2.01587 114 419
2.01587 114 485
2.01587 115 171
2.01587 115 195
2.01587 115 205
2.01587 115 246
2.01587 115 252
2.01587 115 263
2.01587 115 298
2.01587 115 377
2.01587 115 404
2.01587 116 19
2.01587 116 200
2.01587 116 218
2.01587 116 236
2.01587 116 258
2.01587 116 261
2.01587 116 268
2.01587 116 311
2.01587 116 316
2.01587 116 385
2.01587 116 408
2.01587 116 420
2.01587 116 503
2.01587 117 3
2.01587 117 11
2.01587 117 117
2.01587 117 202
2.01587 117 238
2.01587 117 270
2.01587 117 272
2.01587 117 300
2.01587 117 302
2.01587 117 310
2.01587 117 379
2.01587 117 387
2.01587 117 392
2.01587 117 492
2.01587 117 505
2.01587 117 508
2.01587 118 260
2.01587 118 305
2.01587 118 375
2.01587 118 403
2.01587 118 408
2.01587 119 3
2.01587 119 17
2.01587 119 218
2.01587 119 241
2.01587 119 257
2.01587 119 272
2.01587 119 315
2.01587 119 322
2.01587 119 367
2.01587 119 386
2.01587 120 1
2.01587 120 182
2.01587 120 243
2.01587 120 247
2.01587 120 262
2.01587 120 265
2.01587 120 279
2.01587 120 285
2.01587 120 363
2.01587 120 379
2.01587 120 388
2.01587 120 393
2.01587 121 13
2.01587 121 19
2.01587 121 108
2.01587 121 111
2.01587 121 186
2.01587 121 193
2.01587 121 216
2.01587 121 219
2.01587 121 226
2.01587 121 228
2.01587 121 252
2.01587 121 254
2.01587 121 274
2.01587 121 291
2.01587 121 358
2.01587 122 1
2.01587 122 7
2.01587 122 34
2.01587 122 98
2.01587 122 195
2.01587 122 201
2.01587 122 303
2.01587 122 348
2.01587 122 390
2.01587 122 410
2.01587 122 415
2.01587 122 446
2.01587 123 21
2.01587 123 58
2.01587 123 82
2.01587 123 84
2.01587 123 86
2.01587 123 124
2.01587 123 225
2.01587 123 238
2.01587 123 324
2.01587 123 366
2.01587 123 393
2.01587 123 415
2.01587 123 505
2.01587 124 76
2.01587 124 94
2.01587 124 106
2.01587 124 128
2.01587 124 176
2.01587 124 184
2.01587 124 187
2.01587 124 191
2.01587 124 207
2.01587 124 320
2.01587 124 355
2.01587 124 412
2.01587 124 497
2.01587 125 9
2.01587 125 15
2.01587 125 82
2.01587 125 195
2.01587 125 210
2.01587 125 255
2.01587 125 257
2.01587 125 270
2.01587 125 312
2.01587 125 390
2.01587 125 397
2.01587 125 443
2.01587 125 493
2.01587 125 507
2.01587 126 7
2.01587 126 32
2.01587 126 52
2.01587 126 78
2.01587 126 96
2.01587 126 99
2.01587 126 122
2.01587 126 130
2.01587 126 189
2.01587 126 197
2.01587 126 230
2.01587 126 302
2.01587 126 321
2.01587 126 376
2.01587 126 379
2.01587 126 387
2.01587 126 408
2.01587 127 17
2.01587 127 73
2.01587 127 151
2.01587 127 209
2.01587 127 216
2.01587 127 242
2.01587 127 244
2.01587 127 264
2.01587 127 267
2.01587 127 300
2.01587 127 361
2.01587 127 384
2.01587 127 414
2.01587 127 418
2.01587 127 443
2.01587 127 501
2.01587 128 7
2.01587 128 11
2.01587 128 122
2.01587 128 127
2.01587 128 132
2.01587 128 135
2.01587 128 140
2.01587 128 145
2.01587 128 200
2.01587 128 202
2.01587 128 250
2.01587 128 262
2.01587 128 273
2.01587 128 283
2.01587 128 285
2.01587 128 366
2.01587 128 394
2.01587 128 436
2.01587 128 478
2.01587 129 47
2.01587 129 50
2.01587 129 53
2.01587 129 192
2.01587 129 198
2.01587 129 230
2.01587 129 252
2.01587 129 291
2.01587 129 307
2.01587 129 320
2.01587 129 390
2.01587 129 480
2.01587 129 499
2.01587 129 507
2.01587 129 510
2.01587 130 5
2.01587 130 19
2.01587 130 32
2.01587 130 66
2.01587 130 91
2.01587 130 109
2.01587 130 151
2.01587 130 204
2.01587 130 256
2.01587 130 296
2.01587 130 361
2.01587 130 374
2.01587 130 386
2.01587 130 388
2.01587 130 426
2.01587 130 433
2.01587 130 445
2.01587 130 449
2.01587 130 459
2.01587 131 9
2.01587 131 128
2.01587 131 133
2.01587 131 187
2.01587 131 197
2.01587 131 234
2.01587 131 239
2.01587 131 260
2.01587 131 274
2.01587 131 308
2.01587 131 325
2.01587 132 90
2.01587 132 130
2.01587 132 137
2.01587 132 151
2.01587 132 285
2.01587 132 294
2.01587 132 304
2.01587 132 324
2.01587 132 454
2.01587 132 495
2.01587 133 52
2.01587 133 78
2.01587 133 106
2.01587 133 155
2.01587 133 204
2.01587 133 234
2.01587 133 239
2.01587 133 243
2.01587 133 265
2.01587 133 274
2.01587 133 307
2.01587 133 392
2.01587 133 439
2.01587 133 457
2.01587 133 459
2.01587 133 481
2.01587 133 497
2.01587 133 500
2.01587 134 17
2.01587 134 21
2.01587 134 58
2.01587 134 114
2.01587 134 175
2.01587 134 189
2.01587 134 199
2.01587 134 230
2.01587 134 256
2.01587 134 364
2.01587 134 377
2.01587 134 398
2.01587 134 471
2.01587 134 495
2.01587 134 510
2.01587 135 6
2.01587 135 8
2.01587 135 45
2.01587 135 65
2.01587 135 69
2.01587 135 84
2.01587 135 102
2.01587 135 134
2.01587 135 156
2.01587 135 219
2.01587 135 254
2.01587 135 299
2.01587 135 303
2.01587 135 310
2.01587 135 314
2.01587 135 320
2.01587 135 325
2.01587 135 343
2.01587 135 344
2.01587 135 366
2.01587 135 417
2.01587 135 448
2.01587 135 492
2.01587 135 505
2.01587 136 82
2.01587 136 98
2.01587 136 121
2.01587 136 203
2.01587 136 257
2.01587 136 306
2.01587 136 323
2.01587 136 394
2.01587 136 454
2.01587 136 470
2.01587 136 474
2.01587 136 482
2.01587 136 487
2.01587 137 127
2.01587 137 131
2.01587 137 189
2.01587 137 192
2.01587 137 288
2.01587 137 309
2.01587 137 323
2.01587 137 325
2.01587 137 356
2.01587 137 359
2.01587 137 423
2.01587 137 492
2.01587 138 163
2.01587 138 204
2.01587 138 242
2.01587 138 259
2.01587 138 279
2.01587 138 340
2.01587 138 391
2.01587 138 409
2.01587 138 411
2.01587 138 416
2.01587 138 434
2.01587 138 437
2.01587 138 448
2.01587 138 481
2.01587 138 489
2.01587 138 494
2.01587 138 505
2.01587 138 508
2.01587 139 49
2.01587 139 168
2.01587 139 181
2.01587 139 219
2.01587 139 311
2.01587 139 323
2.01587 139 348
2.01587 139 353
2.01587 139 373
2.01587 139 439
2.01587 140 45
2.01587 140 55
2.01587 140 67
2.01587 140 69
2.01587 140 78
2.01587 140 166
2.01587 140 242
2.01587 140 337
2.01587 140 394
2.01587 140 409
2.01587 140 414
2.01587 141 3
2.01587 141 32
2.01587 141 34
2.01587 141 86
2.01587 141 170
2.01587 141 172
2.01587 141 177
2.01587 141 203
2.01587 141 222
2.01587 141 305
2.01587 141 390
2.01587 142 10
2.01587 142 63
2.01587 142 146
2.01587 142 255
2.01587 142 259
2.01587 142 330
2.01587 142 346
2.01587 142 362
2.01587 142 366
2.01587 142 430
2.01587 142 433
2.01587 142 461
2.01587 142 475
2.01587 142 478
2.01587 142 480
2.01587 143 66
2.01587 143 144
2.01587 143 499
2.01587 143 501
2.01587 144 1
2.01587 144 9
2.01587 144 318
2.01587 144 443
2.01587 145 27
2.01587 145 43
2.01587 148 456
2.01587 153 188
2.01587 153 375
2.01587 154 3
2.01587 154 43
2.01587 154 85
2.01587 154 97
2.01587 154 141
2.01587 154 180
2.01587 154 267
2.01587 154 435
2.01587 155 19
2.01587 155 167
2.01587 155 186
2.01587 155 219
2.01587 155 242
2.01587 155 301
2.01587 155 318
2.01587 156 281
2.01587 159 9
2.01587 159 280
2.01587 161 400
2.01587 162 293
2.01587 164 275
2.01587 165 110
2.01587 165 310
2.01587 167 66
2.01587 167 480
2.01587 168 199
2.01587 169 224
2.01587 169 290
2.01587 171 26
2.01587 171 211
2.01587 171 228
2.01587 172 204
2.01587 173 224
2.01587 173 421
2.01587 175 32
2.01587 175 279
2.01587 176 60
2.01587 179 182
2.01587 180 466
2.01587 181 60
2.01587 182 344
2.01587 182 442
2.01587 183 95
2.01587 183 278
2.01587 183 365
2.01587 184 500
2.01587 185 81
2.01587 186 134
2.01587 186 254
2.01587 187 57
2.01587 189 201
2.01587 189 294
2.01587 190 20
2.01587 190 134
2.01587 191 292
2.01587 191 447
2.01587 192 21
2.01587 192 43
2.01587 192 231
2.01587 193 70
2.01587 193 180
2.01587 193 234
2.01587 193 420
2.01587 194 79
2.01587 195 321
2.01587 196 271
2.01587 197 239
2.01587 197 313
2.01587 197 386
2.01587 197 479
2.01587 198 30
2.01587 199 200
2.01587 199 457
2.01587 200 87
2.01587 200 276
2.01587 200 302
2.01587 201 58
2.01587 201 124
2.01587 201 143
2.01587 201 253
2.01587 201 457
2.01587 202 353
2.01587 203 136
2.01587 203 403
2.01587 203 495
2.01587 204 240
2.01587 204 319
2.01587 205 298
2.01587 205 496
2.01587 207 242
2.01587 207 277
2.01587 208 53
2.01587 208 182
2.01587 208 401
2.01587 209 119
2.01587 209 226
2.01587 209 299
2.01587 210 29
2.01587 210 177
2.01587 210 334
2.01587 211 331
2.01587 211 504
2.01587 212 64
2.01587 213 100
2.01587 213 106
2.01587 213 195
2.01587 214 42
2.01587 214 302
2.01587 214 412
2.01587 216 51
2.01587 216 300
2.01587 217 398
2.01587 218 83
2.01587 219 238
2.01587 220 315
2.01587 220 400
2.01587 220 502
2.01587 221 54
2.01587 221 56
2.01587 221 300
2.01587 221 306
2.01587 222 81
2.01587 223 112
2.01587 223 188
2.01587 223 190
2.01587 223 442
2.01587 224 199
2.01587 224 249
2.01587 226 24
2.01587 226 220
2.01587 226 402
2.01587 227 76
2.01587 227 349
2.01587 227 412
2.01587 227 446
2.01587 228 29
2.01587 230 55
2.01587 230 327
2.01587 231 298
2.01587 231 453
2.01587 232 47
2.01587 232 115
2.01587 232 175
2.01587 232 268
2.01587 232 354
2.01587 232 446
2.01587 232 501
2.01587 233 33
2.01587 233 187
2.01587 233 312
2.01587 234 164
2.01587 234 292
2.01587 235 152
2.01587 235 275
2.01587 237 292
2.01587 238 113
2.01587 239 228
2.01587 239 357
2.01587 240 279
2.01587 240 394
2.01587 241 17
2.01587 241 507
2.01587 242 440
2.01587 243 314
2.01587 244 310
2.01587 244 344
2.01587 245 63
2.01587 245 126
2.01587 246 11
2.01587 246 82
2.01587 246 342
2.01587 247 30
2.01587 247 45
2.01587 248 69
2.01587 249 55
2.01587 249 203
2.01587 250 164
2.01587 251 173
2.01587 251 224
2.01587 251 378
2.01587 251 382
2.01587 251 475
2.01587 252 430
2.01587 253 159
2.01587 253 206
2.01587 253 209
2.01587 253 490
2.01587 254 211
2.01587 254 242
2.01587 254 435
2.01587 256 45
2.01587 256 303
2.01587 256 478
2.01587 257 18
2.01587 257 266
2.01587 258 58
2.01587 258 393
2.01587 259 318
2.01587 259 427
2.01587 260 66
2.01587 260 267
2.01587 260 336
2.01587 260 343
2.01587 261 155
2.01587 262 133
2.01587 262 224
2.01587 262 405
2.01587 263 210
2.01587 263 309
2.01587 263 320
2.01587 263 483
2.01587 264 458
2.01587 265 222
2.01587 265 315
2.01587 265 465
2.01587 266 491
2.01587 266 502
2.01587 267 335
2.01587 268 19
2.01587 269 166
2.01587 269 462
2.01587 271 35
2.01587 271 227
2.01587 272 374
2.01587 272 376
2.01587 273 454
2.01587 273 461
2.01587 274 233
2.01587 274 331
2.01587 274 365
2.01587 275 265
2.01587 275 356
2.01587 275 387
2.01587 276 267
2.01587 276 394
2.01587 276 460
2.01587 277 156
2.01587 277 235
2.01587 277 308
2.01587 277 381
2.01587 278 87
2.01587 278 232
2.01587 278 237
2.01587 278 446
2.01587 279 34
2.01587 279 36
2.01587 279 387
2.01587 279 479
2.01587 279 505
2.01587 280 3
2.01587 281 368
2.01587 281 372
2.01587 283 107
2.01587 283 474
2.01587 284 10
2.01587 284 409
2.01587 285 414
2.01587 286 93
2.01587 286 397
2.01587 287 401
2.01587 287 480
2.01587 288 43
2.01587 288 46
2.01587 288 92
2.01587 288 110
2.01587 288 377
2.01587 288 404
2.01587 288 408
2.01587 288 495
2.01587 289 380
2.01587 289 497
2.01587 290 63
2.01587 290 104
2.01587 290 106
2.01587 291 94
2.01587 291 356
2.01587 291 368
2.01587 292 92
2.01587 292 350
2.01587 293 369
2.01587 294 365
2.01587 295 428
2.01587 297 140
2.01587 297 379
2.01587 297 411
2.01587 298 33
2.01587 298 270
2.01587 299 339
2.01587 299 341
2.01587 299 395
2.01587 299 500
2.01587 299 502
2.01587 300 409
2.01587 300 418
2.01587 300 427
2.01587 301 283
2.01587 301 317
2.01587 301 377
2.01587 301 411
2.01587 301 451
2.01587 302 14
2.01587 302 415
2.01587 302 465
2.01587 302 490
2.01587 303 19
2.01587 304 263
2.01587 304 346
2.01587 304 402
2.01587 305 22
2.01587 305 238
2.01587 305 382
2.01587 306 435
2.01587 306 482
2.01587 307 268
2.01587 307 387
2.01587 307 415
2.01587 307 421
2.01587 307 442
2.01587 307 448
2.01587 308 37
2.01587 308 68
2.01587 308 76
2.01587 308 319
2.01587 310 140
2.01587 310 365
2.01587 310 508
2.01587 311 10
2.01587 311 21
2.01587 311 49
2.01587 311 132
2.01587 311 276
2.01587 311 279
2.01587 312 140
2.01587 313 281
2.01587 313 426
2.01587 313 477
2.01587 314 20
2.01587 314 24
2.01587 314 30
2.01587 314 64
2.01587 314 87
2.01587 314 454
2.01587 315 278
2.01587 315 319
2.01587 316 31
2.01587 316 149
2.01587 316 339
2.01587 316 451
2.01587 317 26
2.01587 317 57
2.01587 318 412
2.01587 319 30
2.01587 319 32
2.01587 319 74
2.01587 319 127
2.01587 319 329
2.01587 319 429
2.01587 319 475
2.01587 321 75
2.01587 321 123
2.01587 322 54
2.01587 322 97
2.01587 322 313
2.01587 322 380
2.01587 322 445
2.01587 322 488
2.01587 323 30
2.01587 323 36
2.01587 323 120
2.01587 324 24
2.01587 324 71
2.01587 324 325
2.01587 324 373
2.01587 325 4
2.01587 325 33
2.01587 325 38
2.01587 325 60
2.01587 325 93
2.01587 325 307
2.01587 325 315
2.01587 325 425
2.01587 325 431
2.01587 325 434
2.01587 326 309
2.01587 326 445
2.01587 327 42
2.01587 327 44
2.01587 327 66
2.01587 327 99
2.01587 327 412
2.01587 327 440
2.01587 328 71
2.01587 328 83
2.01587 328 314
2.01587 328 447
2.01587 328 474
2.01587 329 36
2.01587 329 38
2.01587 329 53
2.01587 329 414
2.01587 330 21
2.01587 330 399
2.01587 330 422
2.01587 331 34
2.01587 331 37
2.01587 331 60
2.01587 331 119
2.01587 331 329
2.01587 331 340
2.01587 331 471
2.01587 331 494
2.01587 331 498
2.01587 332 17
2.01587 332 126
2.01587 332 136
2.01587 332 142
2.01587 332 368
2.01587 332 396
2.01587 332 428
2.01587 333 24
2.01587 333 31
2.01587 333 394
2.01587 334 383
2.01587 334 454
2.01587 334 485
2.01587 335 87
2.01587 335 325
2.01587 335 479
2.01587 336 40
2.01587 336 339
2.01587 336 389
2.01587 336 460
2.01587 337 24
2.01587 337 28
2.01587 337 30
2.01587 337 45
2.01587 337 98
2.01587 337 117
2.01587 337 156
2.01587 337 286
2.01587 338 112
2.01587 338 382
2.01587 338 401
2.01587 338 426
2.01587 338 433
2.01587 339 44
2.01587 339 384
2.01587 339 497
2.01587 340 25
2.01587 340 68
2.01587 340 83
2.01587 340 455
2.01587 340 470
2.01587 341 44
2.01587 341 87
2.01587 341 126
2.01587 341 441
2.01587 341 443
2.01587 342 361
2.01587 343 4
2.01587 343 34
2.01587 343 143
2.01587 343 179
2.01587 343 221
2.01587 343 322
2.01587 344 22
2.01587 344 43
2.01587 344 89
2.01587 344 195
2.01587 344 332
2.01587 344 455
2.01587 345 169
2.01587 345 171
2.01587 345 474
2.01587 345 505
2.01587 345 509
2.01587 346 6
2.01587 346 33
2.01587 346 36
2.01587 346 207
2.01587 346 435
2.01587 346 438
2.01587 347 8
2.01587 347 10
2.01587 347 57
2.01587 347 155
2.01587 347 157
2.01587 347 376
2.01587 347 448
2.01587 347 467
2.01587 348 5
2.01587 348 187
2.01587 348 293
2.01587 348 343
2.01587 348 477
2.01587 349 313
2.01587 349 341
2.01587 350 220
2.01587 350 269
2.01587 350 465
2.01587 351 62
2.01587 351 66
2.01587 351 71
2.01587 351 128
2.01587 351 301
2.01587 351 345
2.01587 351 369
2.01587 351 390
2.01587 351 393
2.01587 351 409
2.01587 351 509
2.01587 352 3
2.01587 352 60
2.01587 352 215
2.01587 352 378
2.01587 353 54
2.01587 353 121
2.01587 353 130
2.01587 353 456
2.01587 354 83
2.01587 354 235
2.01587 354 254
2.01587 354 372
2.01587 354 449
2.01587 355 297
2.01587 355 338
2.01587 355 495
2.01587 356 44
2.01587 356 300
2.01587 357 81
2.01587 357 86
2.01587 357 113
2.01587 357 224
2.01587 357 336
2.01587 357 379
2.01587 357 497
2.01587 358 165
2.01587 358 305
2.01587 359 310
2.01587 359 375
2.01587 359 504
2.01587 360 163
2.01587 360 352
2.01587 361 84
2.01587 361 111
2.01587 361 165
2.01587 361 222
2.01587 362 108
2.01587 362 207
2.01587 362 209
2.01587 362 230
2.01587 362 286
2.01587 362 352
2.01587 362 360
2.01587 362 503
2.01587 363 111
2.01587 363 170
2.01587 363 276
2.01587 363 296
2.53984 18 133
2.53984 18 136
2.53984 19 161
2.53984 20 130
2.53984 21 127
2.53984 23 123
2.53984 27 183
2.53984 45 215
2.53984 49 75
2.53984 53 75
2.53984 58 500
2.53984 59 498
2.53984 60 75
2.53984 60 509
2.53984 61 487
2.53984 62 499
2.53984 62 505
2.53984 64 502
2.53984 65 489
2.53984 67 499
2.53984 67 503
2.53984 67 506
2.53984 69 205
2.53984 71 277
2.53984 72 267
2.53984 72 495
2.53984 73 38
2.53984 73 264
2.53984 74 294
2.53984 74 331
2.53984 75 41
2.53984 75 260
2.53984 75 343
2.53984 75 492
2.53984 75 497
2.53984 76 274
2.53984 76 435
2.53984 77 295
2.53984 78 192
2.53984 79 240
2.53984 79 242
2.53984 79 254
2.53984 79 267
2.53984 79 289
2.53984 79 340
2.53984 79 345
2.53984 80 349
2.53984 80 355
2.53984 80 460
2.53984 80 489
2.53984 80 500
2.53984 80 504
2.53984 81 184
2.53984 81 280
2.53984 81 297
2.53984 81 336
2.53984 81 342
2.53984 82 188
2.53984 82 233
2.53984 82 258
2.53984 82 268
2.53984 82 287
2.53984 82 289
2.53984 82 488
2.53984 83 239
2.53984 83 253
2.53984 83 255
2.53984 83 304
2.53984 83 317
2.53984 83 494
2.53984 84 260
2.53984 84 280
2.53984 84 357
2.53984 84 416
2.53984 84 473
2.53984 84 481
2.53984 84 507
2.53984 85 212
2.53984 85 267
2.53984 85 411
2.53984 85 413
2.53984 85 419
2.53984 85 468
2.53984 85 475
2.53984 86 215
2.53984 86 293
2.53984 86 436
2.53984 86 488
2.53984 88 278
2.53984 88 468
2.53984 88 491
2.53984 88 494
2.53984 88 498
2.53984 89 223
2.53984 89 268
2.53984 89 280
2.53984 89 285
2.53984 90 227
2.53984 90 246
2.53984 90 263
2.53984 90 307
2.53984 90 309
2.53984 91 354
2.53984 91 370
2.53984 91 491
2.53984 91 494
2.53984 92 315
2.53984 92 359
2.53984 92 426
2.53984 92 431
2.53984 92 443
2.53984 93 220
2.53984 93 356
2.53984 93 380
2.53984 93 422
2.53984 93 460
2.53984 93 462
2.53984 93 464
2.53984 94 114
2.53984 94 227
2.53984 94 236
2.53984 94 254
2.53984 94 367
2.53984 94 473
2.53984 95 313
2.53984 95 335
2.53984 95 372
2.53984 95 382
2.53984 95 461
2.53984 95 480
2.53984 95 510
2.53984 96 219
2.53984 96 246
2.53984 96 255
2.53984 96 340
2.53984 96 368
2.53984 96 456
2.53984 96 458
2.53984 97 241
2.53984 97 334
2.53984 97 348
2.53984 97 386
2.53984 97 390
2.53984 97 493
2.53984 97 504
2.53984 98 55
2.53984 98 250
2.53984 98 375
2.53984 98 432
2.53984 98 475
2.53984 99 352
2.53984 99 394
2.53984 99 462
2.53984 99 486
2.53984 99 490
2.53984 100 16
2.53984 100 203
2.53984 100 258
2.53984 100 344
2.53984 100 405
2.53984 100 420
2.53984 100 440
2.53984 100 444
2.53984 100 447
2.53984 100 451
2.53984 100 460
2.53984 100 492
2.53984 100 495
2.53984 100 498
2.53984 100 506
2.53984 101 272
2.53984 101 468
2.53984 101 480
2.53984 102 328
2.53984 102 378
2.53984 102 422
2.53984 103 226
2.53984 103 241
2.53984 103 403
2.53984 103 468
2.53984 103 471
2.53984 103 484
2.53984 103 502
2.53984 103 508
2.53984 104 441
2.53984 104 475
2.53984 104 505
2.53984 105 258
2.53984 105 341
2.53984 105 404
2.53984 106 272
2.53984 106 298
2.53984 106 300
2.53984 106 355
2.53984 106 362
2.53984 107 229
2.53984 107 251
2.53984 107 306
2.53984 107 320
2.53984 107 358
2.53984 107 427
2.53984 107 500
2.53984 108 36
2.53984 108 232
2.53984 108 262
2.53984 109 19
2.53984 109 214
2.53984 109 229
2.53984 109 290
2.53984 109 441
2.53984 109 489
2.53984 109 496
2.53984 109 503
2.53984 110 250
2.53984 110 386
2.53984 110 449
2.53984 110 453
2.53984 110 506
2.53984 111 181
2.53984 111 270
2.53984 111 286
2.53984 111 292
2.53984 111 342
2.53984 111 352
2.53984 111 456
2.53984 112 45
2.53984 112 186
2.53984 112 348
2.53984 112 430
2.53984 112 438
2.53984 113 5
2.53984 113 40
2.53984 113 263
2.53984 113 382
2.53984 113 391
2.53984 114 45
2.53984 114 89
2.53984 114 190
2.53984 114 226
2.53984 114 275
2.53984 114 291
2.53984 114 383
2.53984 114 482
2.53984 114 491
2.53984 115 240
2.53984 115 259
2.53984 115 263
2.53984 115 350
2.53984 115 358
2.53984 115 405
2.53984 115 408
2.53984 115 413
2.53984 116 89
2.53984 116 226
2.53984 116 234
2.53984 116 238
2.53984 116 265
2.53984 116 272
2.53984 116 296
2.53984 116 345
2.53984 116 374
2.53984 116 380
2.53984 117 4
2.53984 117 17
2.53984 117 120
2.53984 117 212
2.53984 117 241
2.53984 117 255
2.53984 117 287
2.53984 117 301
2.53984 117 305
2.53984 117 318
2.53984 117 324
2.53984 117 363
2.53984 117 371
2.53984 117 418
2.53984 117 497
2.53984 118 208
2.53984 118 226
2.53984 118 262
2.53984 118 282
2.53984 118 379
2.53984 118 413
2.53984 119 141
2.53984 119 200
2.53984 119 229
2.53984 119 272
2.53984 119 276
2.53984 119 292
2.53984 119 311
2.53984 119 393
2.53984 120 16
2.53984 120 25
2.53984 120 27
2.53984 120 63
2.53984 120 122
2.53984 120 212
2.53984 120 324
2.53984 120 334
2.53984 120 388
2.53984 120 390
2.53984 121 66
2.53984 121 106
2.53984 121 108
2.53984 121 255
2.53984 121 312
2.53984 121 341
2.53984 121 376
2.53984 121 399
2.53984 121 402
2.53984 121 442
2.53984 122 12
2.53984 122 23
2.53984 122 70
2.53984 122 92
2.53984 122 98
2.53984 122 117
2.53984 122 181
2.53984 122 230
2.53984 122 300
2.53984 122 353
2.53984 122 370
2.53984 122 407
2.53984 122 482
2.53984 122 506
2.53984 123 79
2.53984 123 108
2.53984 123 186
2.53984 123 230
2.53984 123 283
2.53984 123 296
2.53984 123 305
2.53984 123 309
2.53984 123 324
2.53984 123 336
2.53984 123 393
2.53984 123 422
2.53984 123 447
2.53984 123 509
2.53984 124 71
2.53984 124 76
2.53984 124 83
2.53984 124 87
2.53984 124 103
2.53984 124 184
2.53984 124 201
2.53984 124 259
2.53984 124 277
2.53984 124 285
2.53984 124 292
2.53984 124 342
2.53984 124 377
2.53984 124 403
2.53984 124 410
2.53984 124 439
2.53984 124 468
2.53984 124 503
2.53984 125 13
2.53984 125 95
2.53984 125 98
2.53984 125 216
2.53984 125 236
2.53984 125 339
2.53984 125 364
2.53984 125 379
2.53984 125 394
2.53984 125 415
2.53984 125 488
2.53984 125 491
2.53984 125 507
2.53984 126 47
2.53984 126 64
2.53984 126 66
2.53984 126 70
2.53984 126 74
2.53984 126 105
2.53984 126 142
2.53984 126 152
2.53984 126 206
2.53984 126 227
2.53984 126 248
2.53984 126 277
2.53984 126 356
2.53984 126 371
2.53984 126 392
2.53984 126 406
2.53984 126 443
2.53984 126 497
2.53984 126 501
2.53984 127 49
2.53984 127 82
2.53984 127 127
2.53984 127 181
2.53984 127 189
2.53984 127 209
2.53984 127 225
2.53984 127 255
2.53984 127 257
2.53984 127 287
2.53984 127 300
2.53984 127 328
2.53984 127 349
2.53984 127 369
2.53984 127 410
2.53984 127 447
2.53984 127 451
2.53984 127 483
2.53984 127 499
2.53984 128 78
2.53984 128 107
2.53984 128 149
2.53984 128 155
2.53984 128 169
2.53984 128 220
2.53984 128 233
2.53984 128 250
2.53984 128 274
2.53984 128 332
2.53984 128 336
2.53984 128 403
2.53984 128 424
2.53984 129 89
2.53984 129 91
2.53984 129 102
2.53984 129 216
2.53984 129 231
2.53984 129 234
2.53984 129 282
2.53984 129 289
2.53984 129 303
2.53984 129 309
2.53984 129 406
2.53984 129 408
2.53984 129 427
2.53984 129 447
2.53984 129 480
2.53984 129 502
2.53984 130 62
2.53984 130 66
2.53984 130 73
2.53984 130 105
2.53984 130 109
2.53984 130 116
2.53984 130 187
2.53984 130 254
2.53984 130 278
2.53984 130 334
2.53984 130 349
2.53984 130 361
2.53984 130 402
2.53984 130 430
2.53984 130 445
2.53984 130 468
2.53984 130 484
2.53984 130 490
2.53984 130 493
2.53984 130 498
2.53984 131 217
2.53984 131 220
2.53984 131 223
2.53984 131 233
2.53984 131 239
2.53984 131 250
2.53984 131 256
2.53984 131 271
2.53984 131 289
2.53984 131 326
2.53984 131 366
2.53984 131 406
2.53984 131 460
2.53984 131 465
2.53984 132 67
2.53984 132 82
2.53984 132 85
2.53984 132 112
2.53984 132 140
2.53984 132 189
2.53984 132 192
2.53984 132 236
2.53984 132 273
2.53984 132 330
2.53984 132 339
2.53984 132 386
2.53984 132 424
2.53984 132 446
2.53984 132 469
2.53984 132 493
2.53984 132 502
2.53984 133 33
2.53984 133 53
2.53984 133 69
2.53984 133 96
2.53984 133 101
2.53984 133 121
2.53984 133 155
2.53984 133 185
2.53984 133 204
2.53984 133 214
2.53984 133 216
2.53984 133 217
2.53984 133 249
2.53984 133 252
2.53984 133 258
2.53984 133 311
2.53984 133 333
2.53984 133 350
2.53984 133 361
2.53984 133 369
2.53984 133 422
2.53984 133 480
2.53984 134 76
2.53984 134 104
2.53984 134 110
2.53984 134 127
2.53984 134 183
2.53984 134 189
2.53984 134 192
2.53984 134 290
2.53984 134 317
2.53984 134 335
2.53984 134 359
2.53984 134 366
2.53984 134 372
2.53984 134 374
2.53984 134 380
2.53984 134 386
2.53984 134 395
2.53984 134 400
2.53984 134 404
2.53984 134 416
2.53984 134 428
2.53984 134 459
2.53984 134 464
2.53984 134 498
2.53984 134 510
2.53984 135 252
2.53984 135 299
2.53984 135 325
2.53984 135 338
2.53984 135 346
2.53984 135 352
2.53984 135 369
2.53984 135 390
2.53984 135 408
2.53984 135 410
2.53984 135 424
2.53984 135 452
2.53984 135 505
2.53984 136 13
2.53984 136 88
2.53984 136 229
2.53984 136 271
2.53984 136 294
2.53984 136 311
2.53984 136 316
2.53984 136 320
2.53984 136 328
2.53984 136 334
2.53984 136 368
2.53984 136 378
2.53984 136 498
2.53984 137 161
2.53984 137 225
2.53984 137 246
2.53984 137 258
2.53984 137 344
2.53984 137 350
2.53984 137 399
2.53984 137 423
2.53984 137 492
2.53984 138 177
2.53984 138 252
2.53984 138 264
2.53984 138 277
2.53984 138 379
2.53984 138 403
2.53984 138 450
2.53984 138 462
2.53984 138 484
2.53984 138 487
2.53984 138 495
2.53984 138 498
2.53984 138 505
2.53984 138 508
2.53984 139 162
2.53984 139 180
2.53984 139 183
2.53984 139 189
2.53984 139 201
2.53984 139 238
2.53984 139 247
2.53984 139 258
2.53984 139 272
2.53984 139 307
2.53984 139 309
2.53984 139 325
2.53984 139 375
2.53984 139 419
2.53984 139 435
2.53984 139 443
2.53984 140 105
2.53984 140 213
2.53984 140 241
2.53984 140 262
2.53984 140 275
2.53984 140 329
2.53984 140 343
2.53984 140 396
2.53984 141 46
2.53984 141 48
2.53984 141 54
2.53984 141 56
2.53984 141 59
2.53984 141 84
2.53984 141 133
2.53984 141 194
2.53984 141 222
2.53984 141 264
2.53984 141 283
2.53984 141 294
2.53984 141 352
2.53984 141 366
2.53984 141 431
2.53984 142 24
2.53984 142 36
2.53984 142 73
2.53984 142 76
2.53984 142 322
2.53984 142 347
2.53984 142 349
2.53984 142 357
2.53984 142 492
2.53984 142 495
2.53984 142 508
2.53984 143 99
2.53984 143 110
2.53984 143 333
2.53984 143 335
2.53984 143 362
2.53984 143 365
2.53984 143 368
2.53984 143 398
2.53984 143 423
2.53984 143 448
2.53984 143 462
2.53984 144 4
2.53984 144 13
2.53984 144 131
2.53984 144 477
2.53984 145 89
2.53984 149 174
2.53984 150 396
2.53984 151 336
2.53984 151 471
2.53984 152 509
2.53984 153 264
2.53984 153 324
2.53984 154 141
2.53984 154 330
2.53984 154 510
2.53984 156 25
2.53984 160 150
2.53984 165 191
2.53984 169 4
2.53984 170 72
2.53984 170 190
2.53984 171 5
2.53984 171 93
2.53984 171 244
2.53984 171 269
2.53984 171 421
2.53984 172 188
2.53984 172 249
2.53984 172 258
2.53984 173 72
2.53984 174 4
2.53984 174 477
2.53984 176 476
2.53984 177 84
2.53984 177 170
2.53984 178 157
2.53984 178 159
2.53984 179 241
2.53984 180 291
2.53984 181 237
2.53984 181 248
2.53984 181 329
2.53984 182 111
2.53984 182 207
2.53984 183 205
2.53984 183 212
2.53984 184 215
2.53984 185 37
2.53984 185 203
2.53984 185 411
2.53984 185 429
2.53984 185 505
2.53984 186 159
2.53984 186 234
2.53984 186 367
2.53984 186 442
2.53984 187 353
2.53984 187 430
2.53984 188 52
2.53984 188 322
2.53984 188 340
2.53984 189 429
2.53984 189 445
2.53984 190 387
2.53984 191 41
2.53984 191 144
2.53984 191 450
2.53984 192 220
2.53984 192 264
2.53984 192 494
2.53984 193 244
2.53984 193 266
2.53984 193 487
2.53984 194 112
2.53984 194 133
2.53984 194 257
2.53984 194 297
2.53984 195 44
2.53984 195 68
2.53984 195 274
2.53984 195 495
2.53984 196 82
2.53984 197 272
2.53984 197 363
2.53984 198 87
2.53984 198 301
2.53984 198 335
2.53984 198 474
2.53984 199 41
2.53984 199 127
2.53984 199 197
2.53984 199 204
2.53984 199 253
2.53984 199 347
2.53984 200 118
2.53984 200 120
2.53984 200 508
2.53984 201 122
2.53984 201 251
2.53984 201 301
2.53984 202 175
2.53984 202 340
2.53984 202 403
2.53984 202 505
2.53984 203 20
2.53984 203 22
2.53984 203 251
2.53984 203 338
2.53984 204 186
2.53984 204 300
2.53984 204 325
2.53984 204 399
2.53984 205 22
2.53984 205 62
2.53984 205 253
2.53984 205 420
2.53984 205 484
2.53984 206 166
2.53984 206 370
2.53984 207 33
2.53984 207 424
2.53984 208 253
2.53984 209 47
2.53984 209 226
2.53984 209 288
2.53984 209 359
2.53984 210 313
2.53984 210 399
2.53984 211 11
2.53984 211 207
2.53984 211 252
2.53984 212 157
2.53984 212 255
2.53984 212 465
2.53984 213 206
2.53984 214 433
2.53984 215 68
2.53984 215 315
2.53984 216 105
2.53984 216 185
2.53984 216 397
2.53984 217 497
2.53984 218 266
2.53984 219 136
2.53984 219 166
2.53984 219 207
2.53984 219 259
2.53984 219 262
2.53984 219 264
2.53984 219 268
2.53984 220 365
2.53984 220 422
2.53984 221 399
2.53984 222 185
2.53984 222 286
2.53984 222 302
2.53984 222 343
2.53984 223 203
2.53984 224 24
2.53984 224 199
2.53984 224 282
2.53984 224 346
2.53984 225 136
2.53984 226 402
2.53984 226 405
2.53984 226 415
2.53984 227 79
2.53984 227 301
2.53984 228 225
2.53984 228 376
2.53984 229 29
2.53984 229 139
2.53984 230 153
2.53984 230 354
2.53984 230 377
2.53984 230 448
2.53984 231 140
2.53984 231 170
2.53984 231 502
2.53984 231 504
2.53984 232 142
2.53984 232 177
2.53984 232 355
2.53984 232 377
2.53984 233 96
2.53984 233 148
2.53984 233 166
2.53984 234 182
2.53984 234 377
2.53984 235 265
2.53984 235 294
2.53984 236 357
2.53984 237 33
2.53984 237 55
2.53984 238 60
2.53984 238 219
2.53984 238 408
2.53984 239 35
2.53984 239 52
2.53984 239 134
2.53984 241 128
2.53984 242 57
2.53984 242 341
2.53984 243 305
2.53984 245 52
2.53984 245 358
2.53984 245 372
2.53984 246 58
2.53984 247 142
2.53984 248 136
2.53984 248 305
2.53984 249 62
2.53984 249 145
2.53984 249 475
2.53984 250 166
2.53984 250 368
2.53984 250 385
2.53984 250 389
2.53984 252 207
2.53984 252 287
2.53984 253 23
2.53984 253 25
2.53984 253 406
2.53984 254 219
2.53984 255 23
2.53984 255 268
2.53984 255 332
2.53984 256 45
2.53984 256 305
2.53984 257 259
2.53984 257 269
2.53984 257 344
2.53984 257 464
2.53984 257 478
2.53984 258 142
2.53984 258 158
2.53984 258 196
2.53984 258 297
2.53984 259 349
2.53984 260 36
2.53984 260 182
2.53984 260 436
2.53984 261 39
2.53984 261 56
2.53984 261 304
2.53984 261 306
2.53984 262 213
2.53984 262 226
2.53984 262 407
2.53984 262 435
2.53984 263 317
2.53984 263 385
2.53984 264 51
2.53984 264 198
2.53984 265 81
2.53984 265 200
2.53984 266 53
2.53984 266 491
2.53984 267 335
2.53984 267 398
2.53984 268 3
2.53984 268 27
2.53984 268 182
2.53984 268 244
2.53984 268 343
2.53984 268 353
2.53984 268 355
2.53984 268 435
2.53984 268 460
2.53984 268 494
2.53984 269 301
2.53984 269 303
2.53984 270 225
2.53984 270 464
2.53984 272 128
2.53984 272 233
2.53984 272 310
2.53984 272 439
2.53984 274 448
2.53984 275 18
2.53984 275 457
2.53984 275 464
2.53984 275 478
2.53984 276 110
2.53984 276 240
2.53984 278 38
2.53984 279 45
2.53984 279 56
2.53984 279 340
2.53984 280 58
2.53984 280 87
2.53984 280 490
2.53984 281 100
2.53984 281 313
2.53984 281 374
2.53984 281 433
2.53984 281 500
2.53984 282 112
2.53984 282 351
2.53984 282 359
2.53984 282 363
2.53984 282 419
2.53984 283 34
2.53984 283 51
2.53984 283 109
2.53984 283 316
2.53984 283 428
2.53984 283 433
2.53984 284 45
2.53984 284 339
2.53984 285 20
2.53984 285 334
2.53984 286 105
2.53984 286 354
2.53984 286 357
2.53984 286 382
2.53984 286 443
2.53984 286 451
2.53984 287 34
2.53984 287 144
2.53984 287 404
2.53984 287 434
2.53984 287 468
2.53984 288 94
2.53984 288 375
2.53984 288 488
2.53984 289 41
2.53984 289 395
2.53984 290 97
2.53984 290 372
2.53984 290 429
2.53984 291 99
2.53984 291 419
2.53984 291 421
2.53984 292 45
2.53984 292 400
2.53984 292 417
2.53984 293 340
2.53984 293 398
2.53984 294 436
2.53984 294 460
2.53984 295 428
2.53984 297 322
2.53984 297 399
2.53984 298 22
2.53984 299 27
2.53984 299 30
2.53984 299 55
2.53984 300 16
2.53984 300 52
2.53984 300 416
2.53984 301 453
2.53984 302 48
2.53984 302 280
2.53984 303 64
2.53984 303 418
2.53984 303 428
2.53984 303 431
2.53984 304 268
2.53984 304 273
2.53984 304 323
2.53984 304 407
2.53984 304 409
2.53984 304 448
2.53984 304 451
2.53984 304 459
2.53984 304 492
2.53984 305 41
2.53984 305 238
2.53984 305 279
2.53984 305 318
2.53984 306 16
2.53984 306 348
2.53984 307 18
2.53984 307 30
2.53984 307 44
2.53984 307 191
2.53984 307 440
2.53984 308 37
2.53984 308 74
2.53984 308 193
2.53984 308 197
2.53984 308 267
2.53984 308 350
2.53984 308 450
2.53984 309 71
2.53984 309 397
2.53984 310 21
2.53984 310 499
2.53984 311 276
2.53984 311 279
2.53984 312 26
2.53984 312 35
2.53984 312 375
2.53984 312 397
2.53984 313 147
2.53984 313 411
2.53984 313 477
2.53984 313 489
2.53984 314 430
2.53984 315 17
2.53984 315 41
2.53984 315 198
2.53984 315 328
2.53984 316 22
2.53984 316 79
2.53984 316 175
2.53984 316 272
2.53984 316 388
2.53984 316 473
2.53984 317 24
2.53984 317 65
2.53984 317 268
2.53984 317 458
2.53984 318 200
2.53984 318 272
2.53984 318 314
2.53984 318 446
2.53984 318 478
2.53984 319 31
2.53984 319 55
2.53984 319 102
2.53984 319 394
2.53984 321 117
2.53984 321 124
2.53984 321 322
2.53984 322 40
2.53984 322 51
2.53984 322 130
2.53984 322 310
2.53984 322 313
2.53984 322 315
2.53984 322 324
2.53984 322 433
2.53984 323 47
2.53984 323 133
2.53984 323 419
2.53984 324 55
2.53984 324 80
2.53984 324 117
2.53984 324 131
2.53984 325 43
2.53984 325 78
2.53984 325 105
2.53984 325 373
2.53984 325 383
2.53984 325 399
2.53984 326 85
2.53984 326 314
2.53984 326 385
2.53984 326 394
2.53984 326 397
2.53984 327 9
2.53984 327 18
2.53984 327 101
2.53984 327 331
2.53984 327 335
2.53984 327 410
2.53984 327 501
2.53984 328 89
2.53984 328 134
2.53984 328 333
2.53984 328 418
2.53984 328 420
2.53984 329 146
2.53984 329 148
2.53984 329 413
2.53984 329 466
2.53984 330 34
2.53984 330 94
2.53984 330 373
2.53984 330 420
2.53984 331 60
2.53984 331 99
2.53984 331 146
2.53984 331 416
2.53984 331 481
2.53984 332 112
2.53984 332 245
2.53984 332 313
2.53984 332 391
2.53984 333 7
2.53984 333 134
2.53984 333 370
2.53984 333 385
2.53984 334 4
2.53984 334 29
2.53984 334 440
2.53984 335 325
2.53984 335 343
2.53984 335 443
2.53984 335 499
2.53984 335 507
2.53984 336 373
2.53984 336 488
2.53984 337 26
2.53984 337 64
2.53984 337 94
2.53984 337 122
2.53984 337 128
2.53984 337 171
2.53984 337 304
2.53984 337 309
2.53984 337 311
2.53984 337 486
2.53984 338 6
2.53984 338 21
2.53984 338 47
2.53984 338 314
2.53984 338 393
2.53984 338 492
2.53984 338 504
2.53984 338 506
2.53984 339 73
2.53984 339 341
2.53984 339 343
2.53984 340 24
2.53984 340 94
2.53984 340 301
2.53984 340 308
2.53984 340 313
2.53984 340 359
2.53984 340 378
2.53984 340 434
2.53984 340 471
2.53984 341 21
2.53984 341 29
2.53984 341 306
2.53984 341 311
2.53984 341 382
2.53984 342 11
2.53984 342 25
2.53984 342 217
2.53984 342 297
2.53984 342 377
2.53984 342 435
2.53984 343 146
2.53984 343 359
2.53984 343 396
2.53984 343 414
2.53984 343 482
2.53984 344 302
2.53984 344 383
2.53984 344 444
2.53984 345 256
2.53984 345 258
2.53984 345 287
2.53984 345 355
2.53984 345 401
2.53984 346 15
2.53984 346 280
2.53984 346 479
2.53984 346 488
2.53984 347 19
2.53984 347 35
2.53984 347 37
2.53984 347 353
2.53984 347 507
2.53984 348 338
2.53984 348 394
2.53984 348 492
2.53984 349 157
2.53984 349 171
2.53984 349 173
2.53984 349 215
2.53984 349 220
2.53984 349 254
2.53984 349 295
2.53984 349 497
2.53984 350 133
2.53984 350 316
2.53984 350 330
2.53984 350 362
2.53984 351 9
2.53984 351 177
2.53984 351 320
2.53984 351 328
2.53984 352 244
2.53984 352 422
2.53984 352 449
2.53984 352 481
2.53984 353 51
2.53984 353 231
2.53984 353 246
2.53984 353 333
2.53984 353 335
2.53984 353 456
2.53984 353 459
2.53984 354 47
2.53984 354 174
2.53984 354 176
2.53984 354 402
2.53984 354 509
2.53984 355 74
2.53984 355 76
2.53984 355 80
2.53984 355 95
2.53984 355 124
2.53984 355 145
2.53984 355 293
2.53984 356 93
2.53984 356 126
2.53984 356 150
2.53984 356 235
2.53984 356 324
2.53984 356 326
2.53984 358 237
2.53984 358 343
2.53984 360 243
2.53984 360 359
2.53984 360 433
2.53984 361 237
2.53984 361 282
2.53984 361 288
2.53984 361 323
2.53984 361 341
2.53984 361 364
2.53984 362 10
2.53984 362 179
2.53984 362 344
2.53984 363 448
3.2 2 88
3.2 10 434
3.2 10 443
3.2 17 450
3.2 17 452
3.2 17 455
3.2 19 447
3.2 21 63
3.2 31 218
3.2 38 77
3.2 41 76
3.2 41 216
3.2 44 71
3.2 45 74
3.2 45 215
3.2 49 213
3.2 50 70
3.2 51 75
3.2 52 68
3.2 52 221
3.2 56 507
3.2 57 500
3.2 58 221
3.2 60 68
3.2 60 223
3.2 60 455
3.2 60 499
3.2 60 504
3.2 60 509
3.2 61 78
3.2 61 487
3.2 61 493
3.2 62 223
3.2 62 500
3.2 63 476
3.2 64 478
3.2 64 493
3.2 65 507
3.2 66 75
3.2 66 243
3.2 66 282
3.2 67 503
3.2 68 286
3.2 68 494
3.2 68 498
3.2 68 501
3.2 69 240
3.2 69 469
3.2 71 72
3.2 72 485
3.2 74 431
3.2 74 433
3.2 75 296
3.2 75 343
3.2 76 265
3.2 76 274
3.2 76 287
3.2 76 289
3.2 76 291
3.2 76 293
3.2 76 302
3.2 76 339
3.2 76 346
3.2 76 357
3.2 76 429
3.2 76 435
3.2 76 491
3.2 77 351
3.2 78 306
3.2 78 361
3.2 78 428
3.2 78 438
3.2 78 468
3.2 79 240
3.2 79 254
3.2 79 256
3.2 79 272
3.2 79 289
3.2 79 343
3.2 79 345
3.2 79 349
3.2 79 356
3.2 79 386
3.2 79 436
3.2 80 265
3.2 80 285
3.2 80 390
3.2 80 430
3.2 80 432
3.2 80 486
3.2 81 262
3.2 81 280
3.2 81 333
3.2 81 350
3.2 81 393
3.2 81 395
3.2 81 425
3.2 81 445
3.2 81 496
3.2 81 507
3.2 82 265
3.2 82 282
3.2 82 300
3.2 82 320
3.2 82 328
3.2 83 271
3.2 83 368
3.2 83 410
3.2 84 269
3.2 84 280
3.2 84 301
3.2 84 362
3.2 84 404
3.2 84 464
3.2 85 234
3.2 85 275
3.2 85 283
3.2 85 491
3.2 86 228
3.2 86 247
3.2 86 312
3.2 86 336
3.2 86 381
3.2 86 488
3.2 86 493
3.2 86 499
3.2 87 269
3.2 87 370
3.2 87 407
3.2 87 462
3.2 87 472
3.2 88 224
3.2 88 264
3.2 88 266
3.2 88 276
3.2 88 484
3.2 88 495
3.2 89 285
3.2 89 345
3.2 89 354
3.2 90 225
3.2 90 237
3.2 90 270
3.2 90 349
3.2 90 405
3.2 91 28
3.2 91 342
3.2 91 470
3.2 91 491
3.2 91 493
3.2 92 226
3.2 92 289
3.2 92 291
3.2 92 339
3.2 92 351
3.2 93 271
3.2 95 201
3.2 95 223
3.2 95 313
3.2 95 382
3.2 95 470
3.2 96 348
3.2 96 380
3.2 96 443
3.2 96 454
3.2 97 180
3.2 97 334
3.2 97 341
3.2 97 353
3.2 97 355
3.2 97 450
3.2 97 469
3.2 98 314
3.2 98 373
3.2 98 375
3.2 98 409
3.2 98 501
3.2 98 503
3.2 99 182
3.2 99 298
3.2 99 326
3.2 99 354
3.2 99 377
3.2 99 400
3.2 99 407
3.2 100 113
3.2 100 184
3.2 100 316
3.2 100 444
3.2 100 451
3.2 100 460
3.2 101 395
3.2 101 453
3.2 102 87
3.2 102 89
3.2 102 353
3.2 102 426
3.2 102 435
3.2 102 439
3.2 102 465
3.2 102 506
3.2 103 81
3.2 103 84
3.2 103 335
3.2 103 468
3.2 103 478
3.2 103 482
3.2 103 487
3.2 104 68
3.2 104 92
3.2 104 103
3.2 104 232
3.2 104 378
3.2 104 427
3.2 104 433
3.2 104 446
3.2 105 187
3.2 105 238
3.2 105 334
3.2 105 336
3.2 106 60
3.2 106 80
3.2 106 96
3.2 106 243
3.2 106 484
3.2 107 56
3.2 107 76
3.2 107 94
3.2 107 386
3.2 107 393
3.2 107 447
3.2 107 452
3.2 107 492
3.2 107 504
3.2 108 50
3.2 108 52
3.2 108 227
3.2 108 270
3.2 108 429
3.2 108 439
3.2 108 496
3.2 108 507
3.2 108 509
3.2 109 46
3.2 109 48
3.2 109 109
3.2 109 272
3.2 109 325
3.2 109 425
3.2 109 431
3.2 109 442
3.2 109 462
3.2 109 464
3.2 109 466
3.2 109 472
3.2 110 34
3.2 110 197
3.2 110 447
3.2 110 449
3.2 110 506
3.2 111 219
3.2 111 259
3.2 111 473
3.2 111 479
3.2 111 484
3.2 112 461
3.2 112 464
3.2 112 482
3.2 113 34
3.2 113 339
3.2 113 345
3.2 113 467
3.2 113 473
3.2 113 478
3.2 113 480
3.2 113 484
3.2 114 27
3.2 114 237
3.2 114 310
3.2 114 352
3.2 114 364
3.2 114 424
3.2 114 445
3.2 114 462
3.2 114 469
3.2 114 491
3.2 115 68
3.2 115 186
3.2 115 206
3.2 115 240
3.2 115 274
3.2 115 401
3.2 116 85
3.2 116 260
3.2 116 262
3.2 116 289
3.2 116 339
3.2 116 352
3.2 116 354
3.2 116 374
3.2 116 399
3.2 116 475
3.2 116 489
3.2 116 506
3.2 117 236
3.2 117 243
3.2 117 257
3.2 117 265
3.2 117 303
3.2 117 380
3.2 117 409
3.2 117 453
3.2 117 491
3.2 117 497
3.2 117 503
3.2 118 8
3.2 118 118
3.2 118 194
3.2 118 245
3.2 118 255
3.2 118 321
3.2 118 328
3.2 118 395
3.2 118 424
3.2 118 476
3.2 119 235
3.2 119 281
3.2 119 317
3.2 119 409
3.2 119 415
3.2 119 474
3.2 119 488
3.2 120 202
3.2 120 227
3.2 120 242
3.2 120 257
3.2 120 303
3.2 120 305
3.2 120 369
3.2 120 390
3.2 120 477
3.2 121 11
3.2 121 215
3.2 121 269
3.2 121 415
3.2 121 419
3.2 121 464
3.2 122 117
3.2 122 287
3.2 122 289
3.2 122 357
3.2 122 369
3.2 122 445
3.2 123 11
3.2 123 34
3.2 123 56
3.2 123 281
3.2 123 336
3.2 123 355
3.2 123 417
3.2 123 452
3.2 123 458
3.2 124 36
3.2 124 43
3.2 124 169
3.2 124 183
3.2 124 249
3.2 124 259
3.2 124 275
3.2 124 309
3.2 124 404
3.2 124 411
3.2 124 413
3.2 125 131
3.2 125 201
3.2 125 265
3.2 125 311
3.2 125 314
3.2 125 346
3.2 125 381
3.2 125 393
3.2 125 427
3.2 126 2
3.2 126 28
3.2 126 36
3.2 126 39
3.2 126 108
3.2 126 186
3.2 126 195
3.2 126 212
3.2 126 248
3.2 126 259
3.2 126 381
3.2 126 384
3.2 126 406
3.2 126 434
3.2 126 446
3.2 126 449
3.2 126 452
3.2 126 493
3.2 127 5
3.2 127 26
3.2 127 32
3.2 127 90
3.2 127 118
3.2 127 123
3.2 127 126
3.2 127 177
3.2 127 265
3.2 127 269
3.2 127 317
3.2 127 339
3.2 127 442
3.2 128 36
3.2 128 60
3.2 128 78
3.2 128 93
3.2 128 205
3.2 128 297
3.2 128 336
3.2 128 385
3.2 128 427
3.2 128 430
3.2 128 432
3.2 128 493
3.2 129 25
3.2 129 84
3.2 129 91
3.2 129 199
3.2 129 298
3.2 129 324
3.2 129 368
3.2 129 435
3.2 130 30
3.2 130 62
3.2 130 65
3.2 130 67
3.2 130 112
3.2 130 189
3.2 130 232
3.2 130 283
3.2 130 294
3.2 130 413
3.2 130 425
3.2 130 443
3.2 130 474
3.2 130 484
3.2 130 492
3.2 131 70
3.2 131 85
3.2 131 110
3.2 131 152
3.2 131 203
3.2 131 212
3.2 131 271
3.2 131 304
3.2 131 345
3.2 131 404
3.2 131 451
3.2 132 29
3.2 132 114
3.2 132 135
3.2 132 195
3.2 132 242
3.2 132 335
3.2 132 367
3.2 132 419
3.2 132 424
3.2 132 437
3.2 133 41
3.2 133 69
3.2 133 89
3.2 133 177
3.2 133 191
3.2 133 230
3.2 133 307
3.2 133 321
3.2 133 478
3.2 133 480
3.2 134 17
3.2 134 153
3.2 134 278
3.2 134 294
3.2 134 299
3.2 134 302
3.2 134 386
3.2 134 449
3.2 134 470
3.2 134 472
3.2 134 502
3.2 135 210
3.2 135 257
3.2 135 258
3.2 135 265
3.2 135 275
3.2 135 408
3.2 135 487
3.2 135 489
3.2 135 497
3.2 136 44
3.2 136 46
3.2 136 164
3.2 136 192
3.2 136 241
3.2 136 247
3.2 136 260
3.2 136 284
3.2 136 286
3.2 136 303
3.2 136 393
3.2 136 396
3.2 136 427
3.2 137 50
3.2 137 52
3.2 137 167
3.2 137 186
3.2 137 189
3.2 137 237
3.2 137 243
3.2 137 273
3.2 137 291
3.2 137 340
3.2 137 388
3.2 137 424
3.2 137 488
3.2 138 61
3.2 138 78
3.2 138 153
3.2 138 229
3.2 138 241
3.2 138 249
3.2 138 260
3.2 138 297
3.2 138 410
3.2 138 427
3.2 138 494
3.2 138 496
3.2 139 41
3.2 139 67
3.2 139 75
3.2 139 165
3.2 139 180
3.2 139 345
3.2 139 378
3.2 139 419
3.2 139 431
3.2 140 12
3.2 140 16
3.2 140 20
3.2 140 41
3.2 140 101
3.2 140 109
3.2 140 167
3.2 140 244
3.2 140 341
3.2 140 473
3.2 141 107
3.2 141 109
3.2 141 116
3.2 141 118
3.2 141 121
3.2 141 131
3.2 141 154
3.2 141 286
3.2 141 290
3.2 141 487
3.2 142 6
3.2 142 17
3.2 142 103
3.2 143 24
3.2 143 26
3.2 143 28
3.2 143 148
3.2 148 138
3.2 149 145
3.2 149 268
3.2 149 309
3.2 149 323
3.2 149 325
3.2 150 57
3.2 150 167
3.2 150 184
3.2 150 221
3.2 150 332
3.2 150 390
3.2 150 508
3.2 150 510
3.2 151 89
3.2 151 132
3.2 151 164
3.2 151 169
3.2 151 224
3.2 151 284
3.2 151 303
3.2 151 316
3.2 151 321
3.2 151 328
3.2 151 341
3.2 151 485
3.2 152 91
3.2 152 130
3.2 152 195
3.2 152 279
3.2 152 488
3.2 152 504
3.2 153 88
3.2 153 103
3.2 153 107
3.2 153 202
3.2 153 299
3.2 153 321
3.2 153 361
3.2 154 109
3.2 154 151
3.2 154 155
3.2 154 173
3.2 154 256
3.2 154 279
3.2 154 438
3.2 154 489
3.2 155 19
3.2 155 77
3.2 155 209
3.2 155 213
3.2 155 259
3.2 155 295
3.2 156 75
3.2 156 254
3.2 156 310
3.2 156 479
3.2 157 92
3.2 157 193
3.2 157 200
3.2 157 252
3.2 157 295
3.2 157 304
3.2 157 307
3.2 157 389
3.2 158 62
3.2 158 98
3.2 158 124
3.2 158 212
3.2 158 254
3.2 158 293
3.2 158 494
3.2 158 496
3.2 158 498
3.2 159 27
3.2 159 49
3.2 159 52
3.2 159 54
3.2 159 57
3.2 159 147
3.2 159 215
3.2 159 232
3.2 159 266
3.2 159 272
3.2 159 312
3.2 159 354
3.2 159 356
3.2 159 470
3.2 159 473
3.2 159 475
3.2 159 480
3.2 160 167
3.2 160 194
3.2 160 196
3.2 160 212
3.2 160 291
3.2 160 347
3.2 160 478
3.2 161 42
3.2 161 98
3.2 161 156
3.2 161 312
3.2 162 167
3.2 162 436
3.2 162 499
3.2 163 64
3.2 163 74
3.2 163 156
3.2 163 343
3.2 163 481
3.2 164 439
3.2 164 501
3.2 166 388
3.2 166 501
3.2 167 46
3.2 167 480
3.2 168 33
3.2 168 417
3.2 168 499
3.2 169 20
3.2 169 51
3.2 169 228
3.2 169 294
3.2 170 218
3.2 170 263
3.2 170 275
3.2 171 295
3.2 171 306
3.2 171 317
3.2 172 436
3.2 172 447
3.2 173 157
3.2 173 307
3.2 173 460
3.2 174 10
3.2 174 362
3.2 175 243
3.2 177 204
3.2 177 210
3.2 177 213
3.2 177 243
3.2 177 246
3.2 177 482
3.2 177 505
3.2 178 363
3.2 179 272
3.2 179 284
3.2 179 470
3.2 179 493
3.2 180 369
3.2 180 495
3.2 181 89
3.2 181 165
3.2 181 312
3.2 181 316
3.2 181 323
3.2 181 372
3.2 181 472
3.2 181 474
3.2 182 434
3.2 183 197
3.2 183 199
3.2 183 475
3.2 185 153
3.2 185 293
3.2 186 139
3.2 186 291
3.2 186 384
3.2 187 220
3.2 187 288
3.2 187 404
3.2 187 423
3.2 188 44
3.2 188 75
3.2 188 360
3.2 188 406
3.2 189 55
3.2 189 289
3.2 190 82
3.2 190 498
3.2 191 47
3.2 191 64
3.2 191 372
3.2 192 83
3.2 192 316
3.2 192 472
3.2 194 175
3.2 195 90
3.2 195 111
3.2 195 137
3.2 195 147
3.2 196 190
3.2 197 147
3.2 197 368
3.2 198 238
3.2 198 273
3.2 199 124
3.2 199 134
3.2 199 136
3.2 199 201
3.2 199 478
3.2 199 500
3.2 200 278
3.2 200 321
3.2 201 46
3.2 201 181
3.2 201 183
3.2 201 236
3.2 201 409
3.2 201 500
3.2 202 277
3.2 202 358
3.2 202 441
3.2 203 181
3.2 203 452
3.2 203 500
3.2 204 61
3.2 204 210
3.2 204 277
3.2 205 129
3.2 205 147
3.2 205 332
3.2 206 43
3.2 206 141
3.2 206 149
3.2 206 152
3.2 208 49
3.2 208 374
3.2 209 40
3.2 210 38
3.2 210 249
3.2 210 321
3.2 211 93
3.2 211 161
3.2 211 332
3.2 212 88
3.2 212 90
3.2 212 103
3.2 212 105
3.2 212 107
3.2 212 182
3.2 212 275
3.2 212 393
3.2 212 426
3.2 212 499
3.2 213 65
3.2 214 134
3.2 215 88
3.2 215 180
3.2 215 363
3.2 215 425
3.2 216 78
3.2 216 104
3.2 216 114
3.2 216 272
3.2 216 428
3.2 218 63
3.2 218 77
3.2 218 84
3.2 218 86
3.2 218 106
3.2 218 113
3.2 218 428
3.2 219 12
3.2 219 50
3.2 219 269
3.2 220 44
3.2 220 162
3.2 220 223
3.2 220 330
3.2 220 426
3.2 221 75
3.2 221 77
3.2 221 80
3.2 221 109
3.2 222 111
3.2 222 226
3.2 222 377
3.2 223 10
3.2 223 12
3.2 223 16
3.2 223 113
3.2 223 231
3.2 223 306
3.2 223 396
3.2 223 425
3.2 224 355
3.2 224 377
3.2 225 13
3.2 225 15
3.2 225 111
3.2 225 118
3.2 225 192
3.2 225 224
3.2 225 379
3.2 225 381
3.2 225 480
3.2 226 3
3.2 226 113
3.2 226 135
3.2 227 49
3.2 227 204
3.2 227 353
3.2 227 357
3.2 227 423
3.2 227 502
3.2 228 56
3.2 228 193
3.2 228 351
3.2 228 411
3.2 228 505
3.2 229 35
3.2 229 77
3.2 229 112
3.2 229 203
3.2 230 54
3.2 230 161
3.2 231 135
3.2 231 321
3.2 231 382
3.2 231 406
3.2 232 75
3.2 232 158
3.2 232 304
3.2 233 146
3.2 233 252
3.2 233 278
3.2 233 322
3.2 233 502
3.2 234 268
3.2 234 312
3.2 234 357
3.2 234 382
3.2 235 254
3.2 236 97
3.2 236 119
3.2 237 33
3.2 237 150
3.2 237 270
3.2 237 300
3.2 238 53
3.2 238 120
3.2 238 214
3.2 238 280
3.2 238 359
3.2 239 283
3.2 239 436
3.2 241 35
3.2 241 81
3.2 241 286
3.2 241 436
3.2 241 438
3.2 241 441
3.2 241 446
3.2 242 374
3.2 242 473
3.2 243 10
3.2 243 34
3.2 243 36
3.2 243 78
3.2 243 308
3.2 244 132
3.2 244 226
3.2 244 243
3.2 244 286
3.2 244 408
3.2 244 436
3.2 244 495
3.2 245 84
3.2 245 209
3.2 245 283
3.2 245 303
3.2 245 393
3.2 245 455
3.2 246 308
3.2 246 377
3.2 246 435
3.2 247 129
3.2 247 245
3.2 247 300
3.2 247 361
3.2 247 448
3.2 247 450
3.2 248 168
3.2 248 225
3.2 248 310
3.2 248 370
3.2 249 21
3.2 249 27
3.2 249 406
3.2 250 173
3.2 250 181
3.2 250 475
3.2 250 495
3.2 251 30
3.2 251 32
3.2 251 240
3.2 251 383
3.2 252 24
3.2 252 139
3.2 252 156
3.2 252 243
3.2 252 327
3.2 252 359
3.2 252 396
3.2 252 426
3.2 253 109
3.2 253 182
3.2 254 24
3.2 254 29
3.2 254 44
3.2 254 474
3.2 255 1
3.2 255 27
3.2 255 95
3.2 255 107
3.2 255 288
3.2 256 46
3.2 256 49
3.2 256 97
3.2 256 100
3.2 256 158
3.2 256 211
3.2 256 224
3.2 256 226
3.2 256 343
3.2 256 413
3.2 256 432
3.2 256 473
3.2 257 89
3.2 257 108
3.2 257 245
3.2 257 284
3.2 257 380
3.2 257 388
3.2 257 411
3.2 258 40
3.2 258 95
3.2 258 120
3.2 258 219
3.2 258 221
3.2 258 369
3.2 258 378
3.2 258 385
3.2 258 460
3.2 259 23
3.2 259 263
3.2 259 353
3.2 259 449
3.2 260 137
3.2 260 197
3.2 260 444
3.2 261 39
3.2 261 79
3.2 261 344
3.2 262 10
3.2 262 245
3.2 262 390
3.2 263 381
3.2 263 398
3.2 264 45
3.2 264 86
3.2 264 154
3.2 264 375
3.2 264 439
3.2 264 441
3.2 265 55
3.2 265 224
3.2 265 373
3.2 265 393
3.2 265 497
3.2 267 316
3.2 267 366
3.2 267 447
3.2 268 80
3.2 268 149
3.2 268 330
3.2 268 402
3.2 268 463
3.2 269 347
3.2 269 409
3.2 270 81
3.2 270 323
3.2 270 352
3.2 270 398
3.2 270 485
3.2 271 428
3.2 271 448
3.2 272 29
3.2 272 399
3.2 273 57
3.2 273 69
3.2 273 71
3.2 273 122
3.2 273 226
3.2 273 312
3.2 273 444
3.2 274 48
3.2 274 400
3.2 274 435
3.2 274 448
3.2 274 495
3.2 275 183
3.2 275 230
3.2 275 279
3.2 275 310
3.2 275 334
3.2 275 405
3.2 275 457
3.2 276 255
3.2 276 265
3.2 276 269
3.2 276 371
3.2 276 391
3.2 276 423
3.2 276 427
3.2 276 460
3.2 277 11
3.2 277 234
3.2 277 262
3.2 277 315
3.2 277 337
3.2 278 33
3.2 278 74
3.2 278 120
3.2 278 124
3.2 278 151
3.2 278 333
3.2 278 357
3.2 278 359
3.2 278 417
3.2 279 11
3.2 279 45
3.2 279 192
3.2 279 256
3.2 279 316
3.2 279 403
3.2 280 7
3.2 280 32
3.2 280 37
3.2 280 96
3.2 280 125
3.2 280 129
3.2 280 287
3.2 280 290
3.2 280 343
3.2 280 393
3.2 280 400
3.2 280 407
3.2 280 431
3.2 280 452
3.2 281 21
3.2 281 127
3.2 281 317
3.2 281 325
3.2 281 328
3.2 281 330
3.2 281 339
3.2 281 395
3.2 281 473
3.2 282 110
3.2 282 290
3.2 282 359
3.2 282 393
3.2 282 431
3.2 282 448
3.2 283 8
3.2 283 11
3.2 283 24
3.2 283 76
3.2 283 365
3.2 283 428
3.2 284 41
3.2 284 54
3.2 284 56
3.2 284 304
3.2 284 411
3.2 284 440
3.2 284 444
3.2 285 9
3.2 285 51
3.2 285 69
3.2 285 71
3.2 285 125
3.2 285 127
3.2 285 349
3.2 285 368
3.2 285 434
3.2 286 18
3.2 286 39
3.2 286 49
3.2 286 93
3.2 286 172
3.2 286 402
3.2 286 413
3.2 286 430
3.2 286 481
3.2 287 76
3.2 287 295
3.2 287 359
3.2 287 368
3.2 287 389
3.2 287 411
3.2 287 416
3.2 287 424
3.2 287 445
3.2 288 22
3.2 288 216
3.2 288 387
3.2 288 481
3.2 289 77
3.2 289 124
3.2 289 327
3.2 289 402
3.2 289 407
3.2 289 438
3.2 290 75
3.2 290 324
3.2 291 15
3.2 291 45
3.2 291 218
3.2 291 369
3.2 291 426
3.2 291 445
3.2 291 478
3.2 292 54
3.2 292 56
3.2 292 365
3.2 292 378
3.2 292 408
3.2 292 448
3.2 292 475
3.2 293 18
3.2 293 77
3.2 293 245
3.2 293 373
3.2 293 376
3.2 293 392
3.2 293 398
3.2 293 450
3.2 293 482
3.2 294 248
3.2 294 390
3.2 294 436
3.2 295 75
3.2 295 121
3.2 295 222
3.2 295 243
3.2 295 300
3.2 295 305
3.2 295 374
3.2 295 423
3.2 295 483
3.2 295 488
3.2 296 153
3.2 296 161
3.2 297 27
3.2 297 38
3.2 297 119
3.2 297 121
3.2 297 244
3.2 297 300
3.2 297 414
3.2 298 338
3.2 298 456
3.2 299 42
3.2 299 85
3.2 299 123
3.2 299 125
3.2 299 301
3.2 299 348
3.2 299 365
3.2 299 395
3.2 300 40
3.2 300 83
3.2 300 115
3.2 300 117
3.2 300 298
3.2 300 392
3.2 300 455
3.2 301 19
3.2 301 21
3.2 301 35
3.2 301 80
3.2 301 86
3.2 301 468
3.2 302 84
3.2 302 114
3.2 302 241
3.2 302 406
3.2 302 416
3.2 302 420
3.2 303 20
3.2 303 112
3.2 303 275
3.2 303 302
3.2 303 330
3.2 303 380
3.2 303 442
3.2 303 446
3.2 304 56
3.2 304 98
3.2 304 265
3.2 304 328
3.2 304 355
3.2 304 382
3.2 305 90
3.2 305 105
3.2 305 279
3.2 305 419
3.2 305 467
3.2 305 485
3.2 306 24
3.2 306 26
3.2 306 60
3.2 306 92
3.2 306 95
3.2 306 113
3.2 306 116
3.2 306 189
3.2 306 264
3.2 306 302
3.2 306 306
3.2 306 355
3.2 306 372
3.2 307 30
3.2 307 106
3.2 307 279
3.2 307 281
3.2 307 325
3.2 307 330
3.2 307 332
3.2 307 340
3.2 307 495
3.2 308 46
3.2 308 235
3.2 308 261
3.2 308 342
3.2 308 399
3.2 309 200
3.2 309 224
3.2 309 278
3.2 309 282
3.2 309 299
3.2 309 301
3.2 309 408
3.2 309 478
3.2 309 480
3.2 310 197
3.2 310 274
3.2 310 406
3.2 310 432
3.2 311 4
3.2 311 65
3.2 311 269
3.2 311 299
3.2 312 12
3.2 312 22
3.2 312 196
3.2 312 224
3.2 312 266
3.2 312 375
3.2 312 429
3.2 312 443
3.2 312 446
3.2 312 479
3.2 312 483
3.2 312 499
3.2 313 243
3.2 313 506
3.2 314 75
3.2 314 376
3.2 314 442
3.2 314 455
3.2 315 54
3.2 315 59
3.2 315 182
3.2 315 184
3.2 315 378
3.2 315 384
3.2 315 500
3.2 315 509
3.2 316 13
3.2 316 27
3.2 316 74
3.2 316 84
3.2 316 158
3.2 316 297
3.2 316 376
3.2 316 395
3.2 316 502
3.2 317 49
3.2 317 72
3.2 317 149
3.2 317 419
3.2 317 439
3.2 318 46
3.2 318 62
3.2 318 160
3.2 318 318
3.2 319 296
3.2 319 344
3.2 320 160
3.2 320 426
3.2 320 457
3.2 320 477
3.2 321 69
3.2 321 83
3.2 321 134
3.2 321 292
3.2 321 400
3.2 321 406
3.2 321 479
3.2 322 29
3.2 322 53
3.2 322 75
3.2 322 414
3.2 322 439
3.2 322 442
3.2 322 444
3.2 322 468
3.2 322 508
3.2 323 98
3.2 323 409
3.2 323 424
3.2 323 471
3.2 324 291
3.2 324 499
3.2 325 46
3.2 325 74
3.2 325 115
3.2 325 167
3.2 325 478
3.2 326 49
3.2 326 89
3.2 326 97
3.2 326 221
3.2 326 288
3.2 326 488
3.2 327 83
3.2 327 138
3.2 327 252
3.2 327 254
3.2 327 504
3.2 328 34
3.2 328 37
3.2 328 281
3.2 328 290
3.2 328 477
3.2 328 488
3.2 329 5
3.2 329 8
3.2 329 25
3.2 329 44
3.2 329 46
3.2 329 70
3.2 329 102
3.2 329 256
3.2 329 426
3.2 330 125
3.2 330 169
3.2 330 176
3.2 330 285
3.2 330 287
3.2 330 310
3.2 330 311
3.2 330 336
3.2 330 340
3.2 330 342
3.2 330 375
3.2 330 406
3.2 330 486
3.2 330 495
3.2 330 503
3.2 330 510
3.2 331 64
3.2 331 86
3.2 331 114
3.2 331 120
3.2 331 174
3.2 331 276
3.2 331 278
3.2 331 352
3.2 331 476
3.2 332 35
3.2 332 258
3.2 332 260
3.2 332 269
3.2 332 374
3.2 333 90
3.2 333 124
3.2 333 265
3.2 333 278
3.2 333 311
3.2 333 324
3.2 333 455
3.2 334 74
3.2 334 99
3.2 334 126
3.2 334 217
3.2 334 321
3.2 334 407
3.2 335 90
3.2 336 27
3.2 336 46
3.2 336 62
3.2 336 103
3.2 336 141
3.2 336 465
3.2 337 30
3.2 337 42
3.2 337 119
3.2 337 178
3.2 337 186
3.2 337 190
3.2 337 505
3.2 338 99
3.2 338 281
3.2 338 452
3.2 339 175
3.2 339 186
3.2 339 199
3.2 339 225
3.2 339 376
3.2 339 440
3.2 339 465
3.2 340 86
3.2 340 191
3.2 340 356
3.2 340 508
3.2 341 45
3.2 341 95
3.2 341 174
3.2 341 400
3.2 341 446
3.2 342 99
3.2 342 340
3.2 342 355
3.2 342 357
3.2 343 57
3.2 343 149
3.2 343 314
3.2 343 343
3.2 343 486
3.2 344 391
3.2 344 399
3.2 345 7
3.2 345 13
3.2 345 73
3.2 345 121
3.2 345 153
3.2 345 156
3.2 345 310
3.2 345 321
3.2 345 340
3.2 345 342
3.2 345 350
3.2 345 371
3.2 345 469
3.2 345 498
3.2 346 68
3.2 346 70
3.2 346 242
3.2 346 308
3.2 346 319
3.2 346 327
3.2 347 6
3.2 347 122
3.2 347 142
3.2 347 203
3.2 347 291
3.2 347 311
3.2 347 335
3.2 348 55
3.2 348 131
3.2 348 148
3.2 348 252
3.2 348 341
3.2 348 379
3.2 348 425
3.2 348 446
3.2 348 458
3.2 349 48
3.2 349 142
3.2 349 273
3.2 349 412
3.2 350 21
3.2 350 29
3.2 350 147
3.2 350 149
3.2 350 151
3.2 350 291
3.2 350 293
3.2 350 300
3.2 350 379
3.2 350 458
3.2 350 483
3.2 351 25
3.2 351 27
3.2 351 46
3.2 351 48
3.2 351 219
3.2 351 324
3.2 351 355
3.2 351 358
3.2 351 400
3.2 352 44
3.2 352 99
3.2 352 106
3.2 352 109
3.2 352 111
3.2 352 122
3.2 352 128
3.2 352 164
3.2 352 322
3.2 352 490
3.2 352 510
3.2 353 3
3.2 353 286
3.2 353 288
3.2 353 300
3.2 353 492
3.2 354 129
3.2 354 174
3.2 354 178
3.2 354 330
3.2 354 341
3.2 354 343
3.2 354 368
3.2 354 471
3.2 355 306
3.2 355 339
3.2 355 493
3.2 356 130
3.2 356 218
3.2 356 252
3.2 356 286
3.2 356 298
3.2 356 342
3.2 356 449
3.2 357 175
3.2 357 247
3.2 357 301
3.2 358 151
3.2 358 213
3.2 358 283
3.2 358 297
3.2 358 365
3.2 358 442
3.2 358 503
3.2 359 32
3.2 359 35
3.2 359 145
3.2 359 224
3.2 359 266
3.2 359 301
3.2 359 387
3.2 359 423
3.2 360 268
3.2 360 270
3.2 360 313
3.2 360 315
3.2 360 506
3.2 361 31
3.2 361 86
3.2 361 98
3.2 361 233
3.2 361 235
3.2 362 91
3.2 362 240
3.2 362 315
3.2 363 34
3.2 363 176
3.2 363 208
3.2 363 216
3.2 363 284
3.2 363 365
3.2 363 492
3.2 363 510
4.03175 59 118
4.03175 61 2
4.03175 62 119
4.03175 62 121
4.03175 62 131
4.03175 63 7
4.03175 63 11
4.03175 106 197
4.03175 145 223
4.03175 154 171
4.03175 165 20
4.03175 168 18
4.03175 169 194
5.07968 39 216
5.07968 55 147
5.07968 57 24
5.07968 60 174
5.07968 61 147
5.07968 62 125
5.07968 62 129
5.07968 64 125
5.07968 65 177
5.07968 102 20
5.07968 109 40
5.07968 109 55
5.07968 111 151
5.07968 118 161
5.07968 120 123
5.07968 121 142
5.07968 126 163
5.07968 127 1
5.07968 130 23
5.07968 132 122
5.07968 133 241
5.07968 138 63
5.07968 145 241
5.07968 151 14
5.07968 152 44
5.07968 156 26
5.07968 158 231
5.07968 168 164
5.07968 173 53
5.07968 173 180
5.07968 180 173
6.4 60 142
6.4 62 118
6.4 84 234
6.4 100 144
6.4 103 132
6.4 106 97
6.4 107 173
6.4 110 74
6.4 117 183
6.4 124 232
6.4 126 219
6.4 145 16
6.4 145 18
6.4 146 20
6.4 164 229
6.4 171 68
6.4 172 94
6.4 174 174
12.8 59 86
12.8 63 66
12.8 70 25
